3091
7852
1581
6776
10125
1786
94241
4322
5978
999
4916
6622
9112
2896
2138
2064
864
1812
4282
9839
5887
7465
7227
10150
51621
596
1385
330
2917
182
30008
23621
9429
2735
387
7043
9759
56998
50509
1284
1277
861
8091
3159
9134
894
2237
1019
890
9212
4609
1870
4208
3925
4005
1027
10018
6648
4312
90427
2146
3205
9537
5292
3198
53834
5893
993
84305
7466
56889
57142
6201
8985
5161
64151
79139
10409
9338
595
1869
659
4233
4211
3206
10381
648
5782
1749
3280
10099
90
6702
6280
3852
1871
1021
3845
51701
2627
1045
57169
6346
7107
64859
4863
7525
983
898
89780
4602
23118
3135
60436
3075
3656
664
688
6657
9314
6935
998
10021
7351
3855
23411
161742
10769
658
1978
6662
627
3480
6722
5324
83737
351
4613
6310
5347
50804
1025
1050
4205
2626
208
4582
2309
4204
6667
51147
7097
5655
8651
4646
2956
4436
4292
28511
1582
1278
4171
1947
3716
5520
26524
50650
9475
389
6774
5728
51719
6608
7157
92
1026
8434
6772
5465
3635
7078
8772
5452
604
2113
899
1111
26523
22926
54443
8556
9493
5879
4854
3371
5058
51684
10253
865
5530
9685
7046
2099
3717
3690
301
7189
3654
1788
1028
7422
8314
8487
3667
79668
1875
995
857
51209
5159
9908
5100
27314
2114
10001
3726
10644
85414
10121
7167
27250
23011
7490
55252
26175
22900
8555
55835
80254
1389
55862
9950
55204
2965
3021
57531
84064
55008
10247
84263
3303
3725
4170
115209
64172
10015
5257
5378
5411
5557
5889
55288
6041
10559
51000
7072
7358
7360
84527
1281
896
6093
7405
1789
3202
6660
4507
5998
10043
55070
4090
3097
22834
7547
5800
10419
960
5494
6647
1024
990
3976
3218
571
27086
1942
9688
23107
10682
3914
1641
5649
1326
3720
599
2308
494115
23492
388
6418
695
9935
5311
4035
4306
1499
118471
50943
2331
7048
5901
7421
2885
83871
775
610
324
7045
5245
2353
9208
4082
5916
997
9871
7471
8313
10971
57590
81622
29128
7170
7169
7168
7057
23345
8636
58533
79751
6576
83442
94081
11196
29901
91869
11137
5792
201562
51495
5757
58155
5725
10942
5479
23649
8301
9260
8829
4853
10797
9902
4343
56262
2147
3691
128239
2820
51125
64841
2580
10919
79813
1956
3337
1075
1465
1371
23603
8161
64866
55832
140707
594
535
9070
196528
8289
8943
8546
302
290
10541
375790
79814
83440
83451
90441
90522
10490
84135
9354
7335
27338
25828
10953
8744
79188
79073
58477
6734
8878
10558
6541
92745
81539
9123
6558
8036
5270
10802
5917
5813
5743
29968
5527
10105
23761
90102
24145
5049
4883
8774
55052
10962
4298
11313
7798
3915
3839
3783
3673
79711
3482
7866
3475
3162
3304
10542
23438
3035
2948
57678
54552
2673
85476
51809
64778
2247
1977
11080
26973
51654
781
771
79065
29907
402
396
159
53
55347
10061
9341
51465
7296
51060
9319
22954
23471
8797
6902
4070
6856
23224
9342
4086
7779
23677
6386
9522
6009
23186
5955
26064
5870
5878
5874
51715
5795
5584
11230
5536
5493
56655
54107
5420
23129
5586
1912
10611
5139
4907
4677
4643
4651
124540
9019
158747
64757
25840
54742
4023
23376
83693
51144
10672
114793
3992
1829
29952
131118
79665
1595
8450
9076
10036
1051
80279
27154
10282
528
64422
221079
285598
23647
27236
51479
347902
23339
7368
7298
283237
55621
23670
51616
283377
60559
8773
81034
29957
10165
6509
57410
10557
391
157506
9904
7837
5510
9883
5432
5425
10857
64359
4734
4552
51650
64951
79922
92935
10642
24138
2997
84705
134266
9289
79760
22862
84191
54491
9415
54935
11266
1832
80005
90957
1453
29099
27243
54901
10423
23589
822
10241
9296
83858
64682
10270
80755
26281
6566
7272
28514
6844
9057
3491
7846
4851
65986
4661
6387
3815
10114
29116
7402
11167
905
53346
9782
23641
79960
29766
6788
5315
55225
84061
8801
6836
60481
79602
136319
5925
2819
9464
3479
7114
285590
22934
71
4771
4893
5631
130557
399979
675
672
6996
6678
1306
1282
2597
4884
27254
639
4091
23261
192669
3215
285242
3759
2697
842
4286
112
655
185
1719
3236
1944
131405
3169
8856
4781
7042
6421
26135
51726
51014
5309
8879
119504
1054
578
605
6671
6670
6102
23678
117247
317
113263
9655
27244
7832
10447
355
10461
5799
6659
3351
1073
1444
1393
1876
2631
54978
100133941
9818
4603
59349
9709
51631
4001
23608
79443
9308
2635
284996
7126
8676
128486
29899
1063
11334
51141
51228
5970
9055
11177
219333
51199
55357
7023
28978
6789
7769
51182
91749
79085
51759
100507436
221656
80306
8754
123016
11244
1677
23650
54956
10095
2070
6894
10459
10146
8895
26503
1718
93973
4627
2000
93487
83879
121260
2040
9107
10622
653145
114882
10950
84196
754
5236
1545
10040
4782
6259
1490
22856
2790
64396
1432
10783
4124
10106
26258
55635
11104
6584
83593
27242
1635
966
10553
223
6744
91754
9060
84079
27301
2934
148867
23593
57491
116254
5269
1856
196
5355
1500
171177
10449
4833
29969
1785
10424
54537
84327
2683
10198
29083
50848
2773
253512
27230
26147
125476
2054
9321
7094
23075
9138
64834
8826
51099
57140
8677
7003
283635
115548
64764
204
57217
3032
55227
117581
10053
6591
9144
9414
64215
55536
53358
29956
9516
58190
8763
3688
9422
6936
4942
1182
5440
54566
1665
54585
377
114881
8358
63898
23321
64857
11158
23214
372
2199
55041
558
57645
10904
10608
57698
27436
55276
27095
157247
2643
5268
147463
55775
7171
57580
51444
8407
50515
11159
55327
6385
9910
10487
1655
220963
23370
22876
51497
54467
3927
89781
10090
22841
326626
23531
81831
132789
92370
4580
103
378
127933
10634
117584
678
57048
65981
123228
4772
4811
3753
3784
2065
3204
3234
3224
3918
9988
9575
2539
473
1398
6863
900
7786
4209
3678
25
2891
7447
55585
4857
4130
153090
10472
7099
2959
287
84901
9583
311
226
51560
80223
4684
55833
9095
65985
1844
477
5600
65991
10000
7165
55568
92579
10947
22887
23657
10221
112399
9253
6868
5770
5034
29979
9792
81929
58526
266727
57462
23479
3200
23171
201627
132864
8558
23457
10951
7503
3842
23347
375743
25836
57534
25831
2004
23576
23122
80205
286410
91
4790
4363
55553
4855
10746
472
1959
3708
5604
8554
2260
81873
5921
1173
4817
2354
23054
3636
5469
5601
2771
8019
51271
11124
6194
7329
80381
57761
3172
54541
665
29110
27123
58487
8315
11274
10425
27113
10042
6768
958
3397
2261
2252
9641
4215
192670
526
113251
1266
2066
4929
6624
4212
5781
836
3381
632
860
2033
6423
22943
4223
5629
10809
5581
19
4779
4097
25778
150864
1994
6285
3614
79727
8743
5598
3065
55869
9411
5218
54545
4860
126731
63929
79850
84951
23446
51098
140809
367
4089
8660
84333
149420
51035
51268
5888
5194
9362
11180
8714
8615
55900
55294
3551
2200
23097
389421
8992
146223
56674
54502
54964
79794
51447
57472
57542
3796
5458
7456
11311
7184
8935
221294
388650
339804
159091
114825
55028
201973
60526
54969
79815
54482
23705
9761
25829
5296
7392
9969
4361
7507
29126
9743
4774
8669
133015
93081
90488
124930
2335
1445
57018
4513
3958
3329
3308
5594
207
5599
8539
7015
10772
2872
5468
5747
7412
2201
5036
6401
3383
2752
9295
5894
51742
64114
10848
8493
7528
6564
2589
2120
947
51232
10970
9337
829
5217
10197
57574
5339
140739
23512
8726
1523
586
81628
80155
5295
3696
4111
4105
4102
4101
55922
7414
9219
23478
25805
1192
4953
1650
1958
10342
1654
54521
4017
57498
580
5934
5862
8452
4214
64065
8140
30849
26511
10227
10438
10507
23637
10351
57205
4478
11160
2890
6314
6240
956
8706
214
8417
11156
54093
5138
10142
55556
8498
342096
6875
6257
3184
8511
29894
1801
9364
131566
10551
10025
3150
25865
51477
3831
7259
1388
7840
5936
4038
1809
2521
3249
30846
8870
6642
2804
7728
51214
51230
1066
26003
5989
2592
1540
7071
7372
7757
6787
9473
3554
5576
56898
94009
953
2342
2687
57165
7264
8837
54961
78987
10695
2063
919
7013
9993
3590
27124
9479
3217
8626
6688
1017
6347
598
7050
5328
10810
3606
8202
4784
115426
8850
55437
7082
3190
23405
7430
5027
3070
1029
80034
7067
8600
57509
5914
6497
5708
4194
6427
1591
3576
80312
1493
51167
818
9559
55872
1906
7494
808
51306
8243
51673
3265
5915
2313
6426
136
8682
9252
4891
8678
8115
4735
79969
3481
51277
1973
5564
79791
3662
1374
405
7037
4864
81552
112939
2908
1831
5818
65266
2100
79412
6696
121340
1435
2903
1676
5625
846
5525
904
57616
3456
7101
23414
7538
6615
10280
1108
6881
6351
5077
4335
8945
780
2932
5653
64061
8742
7484
1387
100137049
79905
3552
55038
81876
1399
10391
140453
6059
7431
64754
1612
3399
4437
114609
6817
55591
27327
26010
1965
5093
3757
5424
8317
8065
9231
51514
2071
3269
84823
4085
55388
79003
9585
84950
29127
151011
6598
10597
102
220323
84617
55974
4325
22998
23052
3033
25801
56935
286077
151516
55048
54908
9146
5460
8771
55332
55707
25987
113189
64855
56650
219654
26119
369
23189
9588
677
10269
6574
4850
9987
9949
23468
1140
10067
34
5156
57448
4741
1960
5979
8650
10725
221895
3229
23164
5962
10092
7106
7976
140700
169714
9781
10257
22794
25989
26986
57530
84725
113829
114294
6603
87
10254
6400
3790
5471
6159
1161
5663
3459
54619
5326
201626
22873
10395
55916
2882
6745
10413
64412
6241
6790
10160
79974
1827
2969
1820
1756
9021
8683
2012
4773
3586
64332
4076
5756
7776
7462
10914
10938
57162
25948
10151
57181
10135
153222
7091
4670
255520
8795
25963
3417
7095
1105
57282
9497
440026
144402
4154
143888
488
9528
10972
23423
57532
8799
9351
5738
57552
10484
55193
23333
26046
54407
5796
7474
546
8974
84230
9526
117145
245812
3891
6560
138428
5534
51251
54499
10959
5524
55722
345778
6801
90701
88745
5937
1155
7127
6675
85440
4691
4924
9125
9513
56951
160
55660
4144
1514
2483
80335
9391
54892
56267
79077
80267
54480
84317
10195
54622
55700
80018
390916
92667
23076
79017
253714
7916
54953
51573
23085
79829
80305
23378
84188
205428
55972
8624
121457
253558
7716
22908
10238
79956
144501
54863
84270
64210
28987
10908
85465
171017
51490
55037
90550
23557
387338
55717
23041
81542
57674
10979
3192
83787
6238
841
4671
133746
10210
122809
1616
7159
7049
25803
3727
28996
3298
332
4324
10893
9480
8570
9732
10620
3569
255743
7068
5606
51236
8649
28956
64207
9612
4174
959
148022
663
10766
23741
2167
4763
26292
1969
6885
2244
2243
2266
3570
10855
11344
284390
4294
5155
5154
6495
1147
10637
7044
5591
10628
9135
11009
9235
7074
4313
1647
65125
22849
80315
5783
506
7161
4293
4801
6304
114798
10455
5243
8038
56999
22801
6352
745
8324
1033
3835
10016
1611
5778
4318
2877
54332
10587
1909
887
7535
5364
373863
1974
157567
7980
130399
11151
10534
11213
6092
57522
8165
1174
8905
490
329
1000
2921
9695
8321
3037
3589
3553
3556
4074
10982
4653
5327
5329
57403
10966
10955
5054
6938
6925
5933
9590
4087
4296
147906
1843
50628
6477
1839
3680
8835
5443
3358
4128
5997
805
1605
56616
84676
7040
5045
92140
8453
3778
5806
7128
1230
23213
8099
150786
9077
8932
11186
4319
4605
6091
649
56904
116443
80725
10062
570
9615
637
213
3283
6943
6480
89797
63891
1436
253260
8648
8204
7032
89958
4585
9793
10785
3340
8575
5499
1733
8061
2475
5868
84971
2130
9846
6045
55758
1488
9425
3660
4330
5272
57447
1038
5898
7077
6364
9802
122060
5569
5595
29117
79923
2719
6515
55171
4678
3612
3615
1003
55102
331
1452
7707
79618
2263
3791
10891
2538
257144
80328
10401
7408
5727
9780
9788
3099
6857
6804
11221
150209
64112
1948
2050
93
2296
51053
5454
2272
7022
10365
23136
1294
81578
54361
3484
3596
4352
9683
55611
113419
6195
4915
23513
55818
2321
116844
81631
55274
2526
10344
2072
9586
79071
5763
55662
346389
1848
1847
26191
23368
3014
5281
602
8839
1576
390
8125
6597
7386
9994
54206
23216
8694
51552
7791
3659
6434
3485
26207
89795
80760
7026
3488
51162
6517
6595
23314
8320
2044
7248
4193
7076
9444
283
55179
406
858
2001
81671
6890
9242
9048
50855
56288
3597
4792
4303
9817
10123
51024
8431
3611
9738
7532
7291
5562
5529
50964
1588
10217
8900
2239
10516
5293
51455
112398
7124
4521
4288
57154
4908
5567
1236
7052
5294
4739
6546
2254
50863
7187
113452
5290
3213
90627
5908
9306
262
26578
4084
6367
8897
114904
152831
1573
7010
687
83475
22903
2189
10298
8647
10521
4320
4619
4620
4622
80325
3458
6456
5080
4255
1316
92162
387893
1558
5906
2034
2185
2950
2043
3756
2305
7534
6472
1646
356
8519
3621
6649
83660
7428
5037
30062
7764
5366
27161
10752
79084
22919
84458
23549
30009
6783
28951
257397
10140
6714
2322
27201
3398
847
6382
5033
55893
79001
2078
7088
51614
249
5872
6307
5660
23047
8621
9821
9459
3676
3949
23543
1128
4092
3146
3663
60
93643
481
144455
4846
699
4137
120892
5514
5090
1112
5216
468
1457
55695
2170
54879
4152
2395
989
10163
30837
3339
3151
4316
8521
57099
2297
6097
925
4088
10383
4760
7374
10935
3066
3959
4780
83931
10630
6929
5444
2295
5214
3418
1902
4843
79872
54677
4802
1080
8804
4615
28962
2332
63976
1030
84541
8325
360023
23212
9489
121227
6879
79612
10983
84248
23710
84418
29896
51727
10512
199870
9801
166968
9813
54812
9369
51320
6432
221035
7913
84612
9562
65059
9972
377677
167153
58480
6651
26953
120
6782
23731
1386
6867
57688
27125
56894
160760
51278
6342
285172
9344
23119
91694
11016
150468
285704
5780
25936
54994
27335
3987
90075
79018
10212
339500
55320
91775
285672
6880
2649
4179
55706
5433
57700
9218
116224
9652
5931
9928
11140
9322
284325
130507
11149
85458
55740
23131
91304
4520
4711
51571
10370
64768
3400
79691
51119
54386
125228
65244
4756
1477
6443
23522
23389
79101
51109
204851
9712
222658
55737
2290
80055
90806
165324
79441
59338
51104
3572
122830
10640
114908
51111
79572
57459
54495
389677
56256
5577
80854
143686
9673
200424
10818
153339
7263
9880
11079
83932
9870
49854
26960
11215
581
9540
55349
151648
6470
11339
29781
1745
83481
64087
23042
83903
5985
122769
28977
5422
5116
3191
23594
2175
51070
63901
7965
476
11168
7514
8847
79682
53947
29980
3880
10525
3954
6510
9524
11065
55215
9156
4172
8668
9735
4638
80178
151176
253635
113115
55631
10451
22883
7262
150368
80303
115
9767
78991
56910
57473
55733
114991
79837
84722
51176
10154
84913
9088
125950
4791
27065
5984
10403
64965
29995
135293
7083
2706
79980
573971
1894
1854
79652
3326
5929
10226
80817
9267
22872
9920
2178
220134
79000
3832
117178
57402
991
701
283349
27068
55256
25766
9833
29893
23397
55552
55148
100288483
7468
4880
8208
51659
10721
53838
92609
29843
1642
3251
51068
57488
2739
56938
1975
23580
26499
57190
11046
5621
83667
9917
84187
4016
22891
23760
9925
4149
55745
83857
9401
84318
3838
55166
79801
63922
374354
219790
391247
54749
9768
55723
23234
5202
157313
118980
84057
4357
50814
3422
80142
3706
114548
79075
55352
81575
7153
57697
22929
259266
114898
9188
95681
8729
55732
9939
113130
147138
5426
127253
10554
90381
9918
55959
25937
284403
90861
4522
29927
63916
51559
10152
4176
8673
26271
91283
5111
140576
1104
79866
51073
81620
727
90416
9582
10278
4925
29941
10495
93323
3007
9824
25959
10166
133619
79649
23406
7108
84515
5427
25932
63897
57405
147495
159371
2052
56992
10460
55093
359845
11130
64785
221955
5880
10713
2177
1891
145508
8566
51429
84986
641
55071
6646
26157
79888
10376
9700
3156
23095
55161
23623
4668
51773
79710
25901
4175
4173
6235
60401
9889
57224
51366
79693
53371
3770
10776
7328
27252
5789
55914
22884
55697
83439
9770
54453
8462
6464
90592
375061
159090
147687
80823
1717
90007
5516
1656
390980
84919
5305
56271
10659
7485
5608
57551
440145
7994
113402
54880
29079
11004
9797
11044
138151
9698
23211
2101
57826
969
81623
5509
23060
91683
7135
3452
8927
2069
221711
8789
3605
140856
4852
784
1420
10083
56098
83656
3821
402415
4990
387742
1618
333
729408
26531
1780
1776
10765
407042
340206
64101
1811
127579
121274
3425
60685
643136
283471
23416
3820
319089
9313
394
5794
386679
171024
2651
117285
5869
56956
217
283537
7399
1590
7483
729528
8875
29958
4804
122618
255101
55808
284904
23325
6359
83729
84447
114757
93129
140807
642273
138429
6840
55196
134701
27232
94134
23081
353219
57663
12
442186
2638
10842
23530
10633
786
938
1889
201799
54360
10005
85320
11281
55084
8294
434
3714
339105
7869
408
5141
5535
64283
8715
5265
54583
10045
929
90952
57452
57480
6324
157638
55336
9706
901
55279
25841
53353
136895
25833
5071
10493
64184
162394
28661
10277
54756
83417
219793
23581
1139
80339
161753
8747
7477
114038
57194
23268
2159
84465
403314
25943
222865
284161
5210
83716
4920
257160
284040
55565
2172
10723
55777
3274
5596
230
54020
122970
9220
9580
9143
3728
5199
78990
5187
79695
132332
56605
147719
23064
128653
11227
115827
440295
29994
8470
1589
729428
26468
387707
9708
347735
91894
11341
85378
28316
53916
255928
3363
323
64806
80824
55172
391004
58511
25992
286753
56917
1649
84181
51333
9113
64122
84067
57167
11131
221927
4056
23002
80350
8823
3746
4283
84000
21
56987
282786
7432
23556
57699
100526835
10957
115749
9478
57576
346171
23604
3305
27178
284029
51646
10489
56245
3709
64168
9149
4323
116285
3689
8778
170679
9687
27165
283450
54790
56126
2670
283160
54845
50649
284427
342357
58508
51378
2568
2886
9796
11320
51317
9180
51454
51449
9248
23328
4126
8368
8419
6656
221002
9022
2637
3953
642976
28660
8074
254158
6778
59307
4240
5273
55582
8295
64518
92283
10806
56097
346653
170302
54800
1859
9150
23070
23209
4121
6913
27043
203328
84870
8508
5919
5724
7056
7780
3199
400941
3604
23462
55243
140596
57722
79729
118987
733
140456
388325
143662
6469
113091
154091
54932
728458
28822
9849
8988
55904
153572
3207
84441
4861
143570
1181
408263
26115
11122
8408
31
55632
339559
6707
84969
2900
221472
284948
4052
58158
55298
50616
152940
10046
153770
8463
23646
6901
84665
1258
26154
84976
338094
163033
50846
348487
345895
6539
286046
388698
22877
79661
9887
158326
3170
89849
1314
55315
84866
221416
388323
1263
284013
22890
28826
55088
9249
79413
343071
79747
3157
118429
442444
611
729262
286128
3223
22915
6295
55680
11197
140689
56204
129685
744
11228
79726
79026
6038
27197
7030
6422
10568
57460
493
54629
23616
157777
10345
80739
1740
10536
80853
51090
22914
399665
8825
4297
55876
162387
23552
58484
133584
28595
2815
285349
23632
80099
26188
8654
10444
65122
222223
58986
3765
1084
780776
29855
219736
10013
3983
641372
404220
90987
56995
2253
2180
343637
6870
158160
1056
597
442185
9348
354
84101
5837
401494
90273
5176
83548
63970
28965
54823
2350
90655
64377
1375
57198
973
389434
246778
283417
6861
3965
2018
23348
23780
50801
115294
55713
1412
84498
8645
84679
1760
135644
54798
286676
1534
85291
79937
84824
79789
922
8496
284485
57143
9498
7461
7134
27198
6004
3739
54546
64847
388389
7941
80256
3929
1621
51196
25837
5834
387695
9407
933
440193
23461
23043
7092
26266
282973
11214
5239
170591
285313
5900
2119
79628
91584
80177
2906
164832
9867
6490
100033432
18
59277
6339
201294
79660
6536
6319
10804
374786
283579
1840
9572
4762
4689
112802
122525
51617
56203
1300
2977
647024
63893
57561
127343
5507
166336
26246
149685
114804
269
3579
55356
140612
1103
8538
9236
8292
5833
55879
440387
729359
100130717
350
84068
2217
5786
23671
8991
399694
23040
257240
728577
9536
84226
29106
79136
92359
6345
5128
2299
57088
6404
1364
56651
54558
140902
92017
10347
92689
4610
6822
122481
407032
79651
54795
8277
58473
90326
1301
9223
254102
51426
56955
442868
7059
6070
10126
1577
9185
23049
113540
1951
84256
220359
114786
221468
57577
25854
10537
22820
51297
259239
85293
83714
256957
6623
10394
149111
4584
9877
245936
1001
338328
203100
1395
9721
3851
10690
1992
6920
79841
10648
4062
25884
126410
11279
1193
222696
28231
153657
9120
80176
26541
164045
1816
5016
79170
286343
143241
28970
132204
57584
162540
712
3577
100132399
10509
352909
322
56172
170384
202865
147685
59340
26036
6370
1669
3080
8200
124961
6559
7021
8687
26298
5623
4923
7802
5360
286204
56901
154197
1130
84698
150572
54464
5149
203102
5639
142684
9681
9906
84445
28984
8828
83692
5091
81848
128602
3046
127435
128434
390271
57626
7712
151306
7084
375748
159163
22821
81553
94235
85004
400830
79982
1129
165186
144193
202018
27241
284654
81557
6916
23135
154215
54682
8425
326625
63982
93589
3270
11061
1472
83901
56156
23433
256236
650
57467
5730
4917
5286
6369
642938
10800
79843
57191
254228
155051
27092
27330
25809
7363
158584
79670
84171
51361
124912
27121
5972
79648
2181
57030
9755
56914
4995
375593
118490
5446
27022
2669
84103
151742
55089
753
23770
2115
65108
126204
79734
85352
6582
3718
5927
23304
474
6095
161357
387328
5957
5129
56000
23127
57536
353497
64407
8515
56478
56853
253430
29802
9820
5991
158046
266
56121
5023
27319
54816
145858
79094
3932
2041
26595
4145
374973
140469
118461
56106
56344
64922
57639
91526
1185
343450
6358
6641
51233
3567
79716
7267
55790
148156
84624
2103
57822
57216
222183
352999
9227
2864
3904
2981
5582
57864
64091
221421
389874
9083
768217
5414
26576
731
84929
3171
90850
727897
3090
717
23475
147744
653641
7123
939
84910
116071
10089
22846
4066
338322
80221
83659
254272
11120
90527
352954
340075
90865
154442
378108
30814
51348
254263
145407
8476
114781
144809
9663
50651
10612
85480
10916
80183
132671
59352
5540
245802
81615
220972
79369
126353
23417
55643
100130733
158866
166824
146325
2661
353189
54497
84518
2742
57458
2634
10990
387718
326624
57184
3977
135946
4166
2550
89846
22861
4818
219537
57728
114088
51274
1571
2615
257468
255043
55065
7289
79087
5944
23120
286122
57178
10794
79611
3822
60484
1741
94015
63874
6865
9043
8352
11181
3428
1088
5025
10786
9283
10626
55885
132203
7253
4601
130132
10044
26825
9388
11006
146562
388714
389337
54838
57804
9693
118491
3487
7903
219578
56896
124626
23093
376497
1366
150483
729442
140825
9840
89866
2652
22983
94137
23555
55633
11055
56892
221241
132112
29765
54718
1657
6276
83890
151888
8909
5447
8613
154386
6773
4189
8838
11136
2515
9245
23569
23317
80111
10234
83719
4744
85477
140849
1046
22986
6320
2623
7367
22853
119548
56944
85315
23562
11012
8633
7638
157310
146395
116966
278
339761
83872
6262
54538
283897
6855
1404
219990
1504
7587
11322
140625
80336
130612
7552
285190
203062
167227
5791
284756
2206
119180
27181
79820
10311
122773
11211
24
23015
1572
57326
4256
56849
100873781
3713
1296
386672
165904
286101
3539
64094
138009
27151
64241
80108
89832
100533178
115908
57477
442867
9632
30012
26343
25851
26330
90316
645191
84688
142678
282763
5473
6363
10485
1233
8553
55765
114792
170690
503841
57631
774
2057
9181
166863
221044
3988
51332
4248
157285
3993
27076
25928
3284
135892
643641
27134
404093
122616
203447
51130
654346
22982
8082
8302
1427
10346
11024
5463
23630
6872
9862
23753
4685
92291
81871
114569
1411
378949
401562
254122
6328
441061
196477
5593
154661
51661
406970
55558
6036
9875
64077
2861
245972
11005
54039
10022
57605
245909
196913
283310
256309
57732
3933
340542
51754
6526
3955
26030
120935
55282
10870
55809
10666
4967
50512
9601
100128788
554279
143279
54581
23559
55064
10871
3081
5098
285126
25802
255061
9596
4046
100113407
80765
28803
8622
747
55103
9832
388327
11069
23109
6975
94031
4326
6121
410
1291
727851
374569
2256
79585
4862
9881
5053
201243
83657
4926
6956
256646
3565
80162
55760
4938
1381
84071
4301
402665
55016
6590
84569
978
283933
202559
761
3293
28968
8869
55616
9368
89782
51807
728239
10906
9265
56895
10079
26166
8497
26471
149345
619519
432
49860
8722
85397
84795
84689
10924
11081
440836
5741
221395
26112
2543
4664
283212
79875
391267
222584
729230
4647
386685
57583
1048
3638
9605
50853
51148
11026
55281
728118
81792
8793
8399
23592
275
5144
23506
51655
199920
29986
55370
388341
4045
100288797
3108
6620
8993
25999
55175
55902
51339
157680
1469
168544
389860
57595
728621
6721
3268
653489
220164
64746
5863
130
7745
7436
135398
283464
4693
9122
928
127544
181
8997
140876
23558
79957
284836
150962
404217
83444
56243
5502
28981
5959
9026
140686
199713
2920
5371
28673
93082
3693
51286
3347
387509
6720
163688
3003
221481
57513
26740
4588
590
2695
388381
115111
266722
7139
341
26762
7035
2840
388963
667
201158
6003
222643
163479
728130
4886
11057
114990
1946
26525
54739
195814
167826
51062
84162
26137
646023
25894
121599
5063
23303
8790
131540
152098
9033
400966
139818
150350
4761
342527
66035
1636
4994
54760
2913
22802
387755
22843
8609
94234
374899
113730
164284
84707
119395
100129407
168850
2744
1943
4015
9501
54825
50945
4242
56113
1474
10397
416
84922
6712
79570
7827
118426
201895
2121
2222
419
9563
84460
646
430
9892
125050
284099
131873
137362
3426
3672
100131187
255426
79258
1299
28642
6833
375287
5287
54704
406967
2306
83897
6713
7694
5029
4295
2249
415117
3061
79973
140680
90990
51088
59341
50615
763
25998
646962
51054
5650
25812
23275
83539
283208
10562
8312
362
84958
92270
54922
58524
56981
7805
9886
79365
9595
80351
3982
10331
7473
1131
653464
283571
51289
4041
6710
5926
1509
80862
28513
440184
130271
5956
1673
23408
127534
23764
55139
492311
5361
6329
83592
143282
23036
219855
54462
22905
117195
80737
79932
374
201501
80133
2255
55764
23199
1592
4783
84658
55218
123775
9331
146849
3574
92241
79690
1602
386757
3309
2015
1009
3127
8816
2444
339942
140873
2186
60468
9630
140628
387921
10396
5148
83546
79998
96597
6196
51547
6253
100506658
256223
81031
122622
128344
7448
286133
28526
729857
132228
84618
6505
266629
7018
5797
144608
54967
79844
9665
10791
23499
4047
8284
64577
55107
538
90060
1879
54751
169611
23269
26959
3697
3290
23037
54855
57787
2915
253832
57664
143689
4665
286006
51301
57126
57572
55034
8411
140691
84539
84905
5829
2705
55033
285600
55800
25763
124989
23225
767588
149699
1117
3694
51313
84954
440307
84684
4820
139716
6101
6444
92255
5784
54810
80712
27434
54587
154288
8535
274
339451
440270
388403
844
51305
10911
89848
1143
388419
6523
164684
399687
6335
22981
59274
9518
79990
3350
4053
79735
4188
11153
140699
57186
168391
285025
5607
65084
142891
727957
126308
5819
26692
83639
79054
160140
84174
2645
5002
644809
9911
84952
113026
1521
51302
131
10599
1081
157724
794
55515
79639
54829
8777
2137
79877
80149
51043
93664
729431
8435
7173
3538
11067
284194
125206
135935
55150
6527
57705
93627
3053
84941
9420
1287
100271927
54885
1731
83661
951
53836
79935
126695
10875
146434
23030
23526
79156
5178
406908
8499
131034
6910
577
551
11238
84735
57097
9334
26011
5947
65988
144100
159686
2703
55769
57687
131368
400709
29895
117166
84842
51676
64900
283461
1470
7096
139378
3625
51315
9625
579
3911
3211
92304
89872
29767
22829
84557
79683
64773
5627
10841
629
90187
153733
56114
2574
79679
9197
338323
3823
23355
710
100499483
163590
161176
54830
387119
4143
2793
1601
160622
100329135
81846
54345
414918
89953
6532
10384
2165
6096
56927
57648
8822
2357
724087
5652
272
7220
81603
277
163404
55741
6853
7480
51478
716
129446
83447
10803
10019
161291
9672
57146
375704
123920
152789
9762
7164
23415
81501
9256
128821
7629
5333
3669
6706
113
5166
5611
133923
56886
3375
1363
55086
55655
56253
8572
2857
55753
55890
3164
49
10098
51760
57654
53373
196951
948
23175
165631
644739
5922
952
27239
9980
80270
374907
5555
4608
11259
23626
4058
51806
100289635
28461
158763
54456
11101
9545
2799
100289462
23231
9772
340419
124976
55607
53349
3664
80243
161198
100528020
11126
10068
4112
23371
9890
255738
2277
25861
503618
55785
27199
245711
2168
10579
54626
3149
158219
152405
145447
6309
1448
2792
56907
5990
158401
2845
11138
80852
2273
152006
116159
10246
55112
101
6655
152485
130749
167691
55057
3897
9287
25794
150280
10225
55788
29123
221074
4586
118932
132200
9896
3912
23113
2709
912
57579
120224
4250
64902
54842
10003
115207
28834
57619
256076
3083
9644
91074
137209
9451
84075
6568
23436
221749
85413
147323
57161
51666
54511
5406
6441
133396
23309
59283
4650
84002
257629
8840
26749
23150
23181
3537
2734
10616
54097
84875
155465
50944
53841
26005
79981
2852
1491
1298
374900
1040
51665
56062
160335
406935
6819
163589
148252
58191
9365
146853
1824
84651
114134
94059
5408
638
482
4040
10076
255394
285908
135295
158427
1955
23359
79785
204962
28954
114042
728
4939
65121
57571
10133
83894
284424
50937
6533
23133
6907
4261
2887
7357
5007
4133
401190
246176
4654
5336
339669
10881
84616
84858
64097
124773
51705
1471
553
131096
130560
144195
84966
3882
51703
114897
57633
51087
83862
22898
945
54813
9398
83733
64601
199223
92293
6236
145376
124220
400736
6303
10411
26333
2554
10584
2662
26020
57007
51752
386674
128710
10232
55362
130733
53828
28677
26871
427
22838
147837
11119
93035
283987
55567
27033
54894
220213
574037
1397
349136
26043
28823
460
56940
138065
85450
353514
3352
9499
7145
9616
127829
170960
23239
203547
30000
64858
10389
79609
221092
3221
5865
391253
2674
4617
186
54509
8383
5670
80332
392399
56144
23059
84898
892
3990
4225
56157
51517
29799
25870
79807
116179
10917
63967
79861
23283
23291
133121
55727
10573
2035
3973
219539
23683
11174
2319
1633
79954
56913
123591
79718
23032
23390
91404
1750
54877
285362
6356
10655
669
283078
5174
139212
5506
6361
126123
23590
248
4692
412
90070
6594
6005
83698
122876
55109
93492
321
83604
5678
203430
3763
2204
6747
84654
128674
57502
8736
85439
32
26998
4935
23413
50618
29925
51257
56963
145773
54893
23219
5732
201266
137492
388695
55207
22
79596
10159
114885
23762
56934
339967
60370
1149
10933
9507
1805
486
3785
5317
203111
84223
23266
256369
3598
3105
146723
83853
84076
51192
4150
56667
11314
140679
2668
57484
65987
9423
6581
8382
347252
389161
84947
55363
25941
6374
5459
222
23493
3624
84560
3773
79754
1828
1359
79624
56477
57104
154664
121643
6664
80212
340024
50507
4148
53335
5523
81849
146691
54806
79689
6632
167
23484
9868
23431
27042
84881
9841
57213
11146
54799
113201
23067
11321
7203
84450
23013
91300
4000
84464
85416
114876
284309
55159
54841
116068
256356
54741
22985
57691
401474
5980
7922
23503
51524
10572
7584
2017
81706
10762
415116
79180
26136
493869
23014
78992
84516
122416
55787
138639
8697
151473
10128
84886
51427
154796
79738
139886
8915
2591
128866
1408
26060
65124
3195
65264
7812
463
26099
9126
25842
25912
3930
6016
84280
26224
10276
91369
140609
26994
79892
3775
79720
285237
26205
3916
54918
7541
283489
23350
55789
55837
80153
375323
168374
134430
10771
26127
51762
6428
50862
55432
1845
2960
65979
85463
6047
8872
29934
7753
84056
653121
140775
11100
2619
27089
57120
9926
10681
64418
116496
7064
25777
283554
163081
3087
54014
51804
3052
339745
140735
6118
81565
9728
55339
55342
7804
57655
58490
85456
54472
7222
8887
51474
126382
140459
83892
54557
53944
23126
104
23463
91574
94097
1850
55654
9053
1352
81572
5715
23169
22924
57134
9701
7803
54726
55291
10483
6249
151963
51248
22893
57659
23174
80262
23204
59084
5793
55638
26234
8085
8273
23300
2733
6794
23609
55105
6815
344148
84437
400
832
5140
9317
10066
54438
7871
56950
7251
50717
2145
9467
284058
23607
64398
55313
259230
51124
80314
57670
120114
9903
158471
9825
286827
57493
64375
55686
23111
2152
392
22927
9110
283373
57035
153830
10193
201475
5775
154743
66036
23469
57496
400073
7596
51100
359948
55884
29942
55573
261726
9169
59345
84890
284611
79047
51283
56882
57544
91748
126298
8050
23177
23366
341640
160418
139285
25853
81573
3068
84787
90268
5565
25897
8941
10379
55018
4986
6860
51475
10049
280658
174
343477
374897
2823
390036
55577
10629
284680
6674
862
840
4093
3455
200894
91039
4682
170622
64130
3984
152815
5357
23158
29028
56648
55664
5445
84312
51155
5638
64854
23352
286257
51102
6917
11001
7508
8666
8893
9039
3646
23265
54814
79659
152007
54919
51668
339230
2720
7411
4258
27000
64083
10589
8531
23516
118424
81617
8892
55748
10313
7009
1982
9578
128
8663
54870
23191
25942
8428
178
10988
10927
283742
90459
79709
80856
23022
4594
9529
23404
222484
57209
84433
5101
93134
57020
84869
1632
114884
9470
26130
4253
79171
56947
4758
7322
124641
728689
8880
54884
4355
23392
10763
11252
60386
10526
84706
55239
8574
4162
9118
11333
81608
55165
9131
5496
51025
11097
10787
55770
10427
80273
164
55197
9631
57222
7323
11010
2824
55791
27097
26091
23515
55796
26019
3854
2316
26517
8896
51596
6786
285203
25929
6813
5096
54108
493856
9274
353376
23028
3516
51520
8854
25904
54517
6170
5476
153364
54433
5810
9221
22824
8228
27069
26015
7024
4824
79944
26225
135228
9255
79577
7204
94104
81619
26512
5573
139231
79685
28972
1495
440
9555
6015
1211
26505
56259
64225
1020
80145
54948
84084
10456
7920
27440
11332
10670
25896
8565
2317
57175
6829
81624
79675
10412
91010
26097
84172
10849
8533
8560
5019
5163
8661
8833
4973
968
57019
79780
10097
22906
113612
54733
284443
3034
55540
57533
9534
3512
92521
27430
11336
5203
219743
60314
1384
54477
29763
2153
6605
975
7410
84033
57506
79587
65993
79070
11235
10054
7915
8939
80218
54996
55781
114883
1662
25814
84295
7756
1434
10905
54928
9525
29978
55183
87178
29074
9020
254251
57786
4642
55379
84319
83752
80198
1643
64756
7162
92105
1678
55696
123263
65992
29926
1917
112724
1213
833
122011
51747
8644
50640
6282
51606
221937
23198
2778
6645
444
55656
1362
6733
10735
51002
51028
7270
157769
51134
51362
55208
23286
51026
27143
1627
7174
92106
9521
26227
224
81839
51507
4232
8805
1004
23517
1810
84168
55752
220988
9678
10094
92181
79048
5062
7576
9804
55066
23196
51647
2287
2058
1012
57130
8665
23636
2729
27258
5654
2037
22796
10576
64710
55174
6811
6738
55082
813
5836
57380
7163
6239
23660
81856
10793
57617
54904
84930
2628
51161
10550
7109
2002
5001
79137
56154
9783
6049
64919
2770
55854
116113
7533
8396
7536
25946
5635
7008
8766
9891
65117
54872
55720
6431
9837
23270
140730
782
80742
23774
79811
84451
23184
497661
200734
55312
112479
79576
64782
140901
689
169200
92703
54778
96459
81563
23435
3344
5801
932
175
3665
151242
54221
91543
3434
9636
10410
23281
9111
9358
10561
8638
10964
3429
283860
4600
94240
55303
219285
3437
941
5241
84991
23369
9975
8723
4712
51491
6923
79752
9069
5170
84336
83606
56675
4618
3228
6542
83734
6711
146225
79603
8611
3772
51523
9623
549
55920
9488
89796
245973
5332
10677
3658
4163
4131
4775
55628
6518
130814
55612
94056
54822
60313
51375
9519
123606
22803
8365
221830
25978
145567
6876
10272
3359
9404
340811
3423
1999
2780
7782
10527
7478
10417
266740
23057
347730
7475
4821
220
57016
100507246
9639
23048
29904
36
1303
151987
10420
55603
23582
5451
123036
81035
5298
6242
6596
2764
256987
251
92675
84984
285386
51280
124808
8073
4321
64419
218
4697
404636
83999
58527
83881
7105
51107
58489
79931
340547
5693
3209
4674
26145
3752
145873
1392
84255
5522
120534
4068
374977
55224
56122
200232
85289
725
57507
2124
159119
55762
50837
8490
25823
151188
89790
259249
5718
353500
56673
3619
210
55521
81790
79567
219902
338339
10060
90411
55619
51164
57179
25940
50484
55284
55251
55968
6502
26273
29097
6120
134553
9643
80255
2776
3685
91272
203228
8842
1996
7029
11031
81556
27
55605
80232
6760
57474
79966
4800
4314
54954
63827
255758
27166
1265
2512
10952
65977
341947
8394
608
124
386618
11212
3811
382
5359
8148
100533107
759
6271
60681
8605
3981
8028
23243
2650
143879
10652
1604
60496
1138
10129
51496
6683
64063
6451
286887
84650
392307
2625
64092
91614
27006
2523
653240
1380
646658
79589
5683
2173
8506
84467
3812
27087
407
2710
6606
238
57716
92949
65265
79633
221393
51201
55187
373
4716
4683
100126572
6780
6388
4673
55366
7417
200014
23271
891
27289
10636
55771
8030
84962
91653
57508
55233
81537
27075
117245
5597
440279
29107
3799
9913
64795
9945
8894
7275
127281
8440
79818
79772
5322
11043
7122
171483
55361
341880
165721
29951
2
8522
26108
221662
203611
3827
10888
845
80110
79817
7321
139411
113763
2745
9648
57630
9532
7424
7334
1522
4649
282991
51504
81555
6158
151230
4839
4289
64781
65080
55754
84159
7991
221687
4071
168002
563
118924
1068
374308
63931
359710
10050
92755
255488
2534
9389
54861
6926
54805
54832
2036
10274
92597
8659
8192
4751
79447
705
81611
157570
29761
63939
2056
6708
6446
9823
58504
10475
138241
9961
7516
51292
112574
6915
4239
9645
79442
141
3910
84967
8751
92126
57669
23051
55627
9794
6237
54463
64779
27148
11014
22904
5396
64222
9355
79822
9100
54865
56919
317781
283337
2926
414241
165215
2246
29015
80324
10203
148398
23255
54680
23432
255324
9750
9261
2073
30851
91851
83643
4598
64423
57862
5519
79901
84283
740
79676
10293
10635
1512
9784
253827
137970
54876
55300
5873
55210
5351
5983
56342
339241
81887
25983
7706
10801
22894
79839
283989
158399
6507
80008
112495
1164
134265
1874
8877
4948
10329
5579
1308
196383
93109
6209
8986
8439
5746
51667
6094
33
10473
7247
10678
7851
4336
85013
54101
25938
220042
112616
2010
5787
26052
55035
80144
4597
113457
8852
1819
9058
8076
811
81554
23509
84435
51330
84893
1464
23313
309
81493
10602
9117
126070
1200
1318
3486
55076
83480
8459
492307
64395
10399
57673
23316
6628
996
64318
9589
10480
9477
64802
39
11030
2633
9015
29108
58472
5671
79961
56034
80757
64838
57730
131601
26034
1203
7087
148229
373156
55308
51611
3920
5866
831
10218
219699
10826
26153
657
55156
4192
5803
57045
84164
126669
6988
4904
51433
3608
9577
64216
56647
10973
548645
8718
2312
8614
3883
9510
85462
51188
2621
1815
83543
3749
2531
89122
115416
221061
129807
2250
80201
64925
221477
56731
112885
257019
4919
53407
55425
8087
685
3084
23729
23288
1836
83591
6263
6949
10360
10421
11073
26140
7098
16
135250
2648
6398
57214
26150
653247
3294
51175
51367
57644
54933
5321
80028
93034
6909
114785
942
54801
1286
154043
55186
10618
26056
37
55973
122786
115290
6640
285195
64089
50808
203286
51018
51136
7841
6636
5073
5630
55602
84259
51434
23172
27352
1292
5571
23787
10981
256051
338699
285489
7051
56547
91768
81610
64850
7867
1368
10400
6498
28988
56899
79664
27129
51629
2030
84126
93343
55364
286499
8013
115817
4482
282809
2911
9815
65095
229
11258
7041
54942
79027
127687
4909
84865
1630
2123
79730
5229
55316
29086
90121
201292
112770
8078
5212
347733
338811
2235
56911
2817
59336
26027
148641
138716
64285
200081
51765
11018
23062
116064
29945
3490
4841
79228
10096
9991
9349
255877
6273
1767
79092
196527
26585
162514
4881
51129
55135
4913
1806
9568
9466
2798
23012
10382
3433
4899
5610
22795
339366
54820
55859
1497
9741
147694
79671
51205
56983
9320
138199
55614
80323
84335
53615
2314
5977
1736
79080
23367
3030
308
90853
79913
148823
57453
140706
56033
7066
115201
7355
28971
115353
64221
874
7225
10113
9982
131578
79635
54868
8994
9209
83666
144108
10773
4026
23481
5439
1267
80020
22800
117157
55250
79827
3712
24142
124401
1479
64963
30827
28989
4688
1036
81029
374395
55031
150082
23418
4216
65983
202
26018
54471
5768
23682
54625
63971
143384
2077
4300
5681
139065
7813
3776
654
3703
5441
8761
871
22992
343069
5832
8662
220136
2987
81786
6183
57545
337876
11219
57094
55333
27284
9409
4902
23082
55198
54575
284217
29122
1053
4837
164633
24140
22902
8460
219931
8034
109
22948
9653
977
3675
10777
79666
57610
90407
5087
113146
26574
3028
54888
4591
55666
10112
80179
10007
10741
112849
53637
57578
54929
10390
81602
795
7297
1010
1629
5742
5055
55069
57565
8549
112464
64840
54934
826
11329
1528
9873
55825
7942
85365
9749
284119
10199
55131
10569
84864
26521
4998
3861
51388
6430
7464
9610
3225
10894
2768
339829
91156
2919
820
113444
23207
284114
8809
1606
5172
11062
346007
9718
374654
64780
51077
29777
51337
2009
27185
84640
80774
84733
8653
4048
2356
81562
83786
84246
79009
55133
11273
169981
57621
84298
9328
126321
84063
124152
51386
5754
29985
4218
54732
23344
9244
338567
23550
51533
79145
4681
51450
4327
83648
623
59350
54926
147923
5362
64747
8630
57153
55571
152559
64342
23483
23299
23654
64784
4982
5431
7014
6634
57805
2274
10898
401
199221
64800
51031
1431
399669
79581
26149
157753
55608
84892
1503
27342
25793
23154
54413
7332
202052
5208
163259
57646
3875
353355
310
10560
5201
3858
27067
10961
2966
317761
3093
84687
5716
800
6330
90338
5255
8803
55007
79654
6548
9520
5723
57136
8936
4838
6954
259232
284467
1778
3117
201516
6565
57634
9697
29085
3439
2947
9469
57520
22932
55501
411
5376
9392
4999
84918
4358
3607
27090
64750
54532
64708
89890
125919
64145
51439
112840
148479
58528
253461
54989
2487
26035
51582
57690
9140
55814
5238
64864
5081
38
26128
26057
6777
6631
6416
10250
91746
160851
132299
8189
1175
79971
79174
2787
57085
340273
333932
58
161394
9656
967
148930
2707
2039
127254
8971
25923
51692
9699
5226
254170
3655
10999
5358
4640
162
4430
823
6898
5099
3187
10058
3956
54758
7884
221476
2150
8338
26090
114971
51004
7726
147841
6407
280636
28992
3009
11249
140803
790
55275
284695
10244
115098
5899
1892
23157
10945
57106
100037417
257068
10994
51143
27020
4114
5675
23595
9814
57404
145270
113246
1002
26249
220082
3750
54843
55757
6429
79022
7343
43849
84365
81
51604
51122
54165
8518
51513
79933
29997
23310
5050
54507
140890
2014
6690
137964
5021
23272
2494
440093
89884
221504
130340
523
23023
64420
6599
1981
22818
25843
2923
100101267
11253
11066
90576
168090
8924
84681
84661
9104
1468
115811
79879
29095
9447
4012
24137
55742
23167
144983
6717
10609
28952
676
10544
5982
7923
155185
51267
94005
4311
55500
70
10051
51441
57471
9584
23430
29102
55236
5331
8544
51170
93621
1070
8436
57794
2783
3936
197407
5438
9927
10588
10799
245938
144448
55653
8907
9446
23241
222229
6814
55601
8989
5478
25994
137695
55032
55609
23279
23399
8721
93649
2782
1315
8733
327
4724
81888
2736
64344
283248
55144
441481
653604
54431
55898
5720
161253
55848
168507
529
26155
126961
79645
84883
200933
55671
51191
11325
55761
60312
256364
11260
9798
10084
2348
7001
9343
9119
57171
27145
84988
375449
8612
116442
8290
5442
201798
92922
1487
90167
7086
23507
55705
3178
84678
50809
84747
10153
80129
337867
801
23248
26575
9919
6904
9894
27332
85459
56948
6845
383
1652
2810
6718
8767
221443
348738
26098
1687
57708
5871
1459
7070
2318
10920
10980
2873
171586
171546
157695
27102
10318
51276
159013
3096
80349
56254
57649
80762
25976
57720
10184
10617
1993
80816
5352
10838
114795
116987
7020
79646
10949
3226
54434
10215
26047
55326
90293
80012
79172
57608
91408
84236
79155
23548
150290
57187
84206
85403
8507
11052
10393
83956
84915
25788
7918
54965
57559
1058
55721
162681
25906
163071
8820
115752
9194
9465
283431
51108
9326
57211
26272
28998
79929
22836
255919
151246
6198
64116
10664
114880
64105
200895
93594
219844
55128
116362
4686
79745
254778
7336
4494
4241
7762
6837
7150
347240
5634
55776
26190
55841
10656
90355
132720
254394
84260
25822
2553
9315
56851
51622
221960
2135
4122
284018
2491
11108
84896
80071
254887
57798
79805
55355
4976
7442
6715
23065
7274
27031
90141
23467
84920
80010
22881
114899
23456
10592
159195
130872
57082
7112
1062
54534
9145
10402
10426
50813
2842
55719
8027
284992
10565
83990
146956
26260
4905
140831
80127
1032
93183
22875
22837
7378
219738
121441
5965
10309
92691
80304
7738
113277
10874
55270
26084
79871
56953
51126
84279
158055
10673
80150
10522
80014
135114
23567
11112
29887
5909
5805
9413
65055
50624
10009
83549
10308
7398
11098
83540
26577
144165
64127
27292
7752
8819
116842
81691
3161
1195
466
414062
55502
22911
79847
8322
55840
348654
1122
57563
55212
22936
6928
219771
286826
162239
55454
84302
58493
64393
7504
57089
79663
130888
814
55334
160897
5861
50805
145282
10024
85444
80174
51319
1121
84545
9097
149986
203523
767
57003
90624
9861
199990
22955
55802
11243
79634
55188
23161
22858
151126
10632
27173
55693
3833
3306
51135
22835
84250
10733
27345
2796
3800
92014
92610
25849
55075
84959
163702
399474
9550
55132
5074
3219
3038
4659
51669
51244
5885
57396
9858
29842
79159
119392
9787
56994
51001
162655
55701
55698
8577
80119
11113
1690
27295
81930
3998
28227
8502
55652
55247
6491
157807
10224
6932
79915
84553
7639
84641
7873
55636
27348
7773
57157
5641
54982
26747
10745
5500
10518
54821
51805
6924
8458
2059
64770
5412
84899
5048
23786
284716
7957
23568
10186
25939
124056
197322
84912
28232
79627
3600
55329
7718
23178
26092
201299
114801
145957
84668
10732
79733
79102
56924
51379
10211
10598
27132
23380
23029
56652
84629
55353
23
7342
79571
79834
84923
65975
84364
23112
3558
53826
51133
79088
80063
11272
2946
161835
286319
54674
54955
27231
7472
56128
219749
6018
59348
7073
80196
29094
285513
3005
222068
170062
51384
1473
266553
5015
6873
85301
149095
54811
319100
6578
3148
8916
7266
27063
134526
84677
133688
10912
55030
338872
9496
83594
9318
7559
5618
23228
84622
23173
80204
353274
64599
8335
8480
2182
23534
8344
8356
1409
8362
9810
4485
3836
8370
317772
10452
51729
3012
84193
54887
8359
8348
6709
7917
9774
64062
64949
54606
3018
128312
8360
8355
22978
8334
3008
163
55272
1212
10137
8353
125150
11319
8363
307
23524
1072
64787
161
51663
2664
10910
8332
10327
10075
8364
8361
3069
5860
80777
5335
80209
8703
84750
22916
84146
10613
1376
8337
221613
9785
246181
57103
554313
3020
8354
8367
8357
84632
8349
10643
10940
23394
55137
11076
3939
6251
5430
6601
26058
644914
8969
9690
8330
10523
8351
5954
4199
6288
79800
3895
8970
8366
11171
255626
85235
2821
57062
8350
723790
5318
2184
2992
26509
55907
4134
3013
2975
23305
988
10989
4928
1841
8336
8331
4641
121504
5612
9897
84532
4733
3006
8329
3550
92815
3024
23170
5822
9330
7515
231
10607
6272
8968
442578
5831
10813
23564
25782
7371
1031
81491
7090
54815
55623
63915
54898
6138
353135
84975
10052
56659
6650
51338
7479
79803
56937
83468
57475
80194
337880
6892
30845
220002
26985
2590
51249
90589
91523
23640
80067
124583
3321
148254
9766
55322
1979
89970
79089
56704
1198
950
3416
64118
22809
55905
100132476
3609
3595
483
56978
1135
10295
170691
256006
79042
5434
124995
85478
28964
414152
10491
93185
1201
23625
9213
57409
7376
5052
54675
221184
334
27346
2907
11152
91582
7784
85377
6723
55151
7141
51304
56257
550
285368
339390
283149
80331
342035
388730
955
26579
9830
6391
23386
11343
1968
5069
5283
83636
55735
22933
80023
80818
6602
5375
55750
88
3241
285782
6756
338376
5605
51246
1670
994
91107
8608
27091
116511
93550
84940
10314
6827
149951
817
27183
29101
23102
57478
56893
5291
54602
51312
29946
824
54205
11335
255967
10890
23063
51593
27079
153241
55909
57102
5883
10336
23163
5993
143425
55676
3841
100287932
56916
23358
55216
8933
153396
8934
117608
23306
2045
23554
9421
3996
28982
63035
9736
25786
10492
342125
54665
133418
11116
84542
29841
7152
619279
23307
150946
126626
403341
84908
6349
222194
9852
8741
154075
253782
284323
146771
1102
10120
388722
81688
3385
80311
79074
56474
55599
80342
152519
10127
79968
636
153579
284273
4501
441212
158293
343099
7385
23322
54149
170958
57657
55589
4750
79830
389136
83544
144245
155370
55728
26033
130574
9262
200728
285440
166929
57456
79039
79657
64282
85015
9953
57706
11231
79364
6553
55844
112703
162967
84376
148418
375444
84131
252983
29914
221178
5017
157
163786
374393
79056
5563
730094
125242
5188
129607
88455
80821
56977
158405
23252
6155
4814
284207
55146
1455
58506
90196
80095
22859
201163
10625
55273
54764
23276
54976
170850
79886
84133
3181
254048
23080
57568
6299
223082
80173
23185
10944
10138
154791
84132
121536
81618
258010
23409
518
4644
51166
54776
60485
6992
347734
29775
8451
403
22863
8445
90809
8731
4524
10714
57589
23039
9931
55824
55870
9874
27351
3460
3239
56929
10291
26031
4302
157922
9567
26156
10946
56603
79869
10645
2280
5774
154214
10479
55026
4645
2020
54980
23232
25790
9958
56061
830
29035
8867
3798
3267
5537
9989
7320
201931
55119
7905
126375
202243
3110
65258
80007
51780
10048
92154
55257
54891
83607
57038
8323
285855
9646
84328
79832
7543
11278
148423
10923
607
116984
23396
9139
27235
6182
768213
28966
6839
51542
10245
3995
112950
55584
23633
126231
7004
6832
10514
768
2564
1842
797
8623
684959
9960
6652
1727
7185
6764
10162
27131
9462
25974
23240
79642
11342
64328
540
440689
5162
9675
55240
22823
57707
54432
25888
1852
65082
6877
10057
6895
51200
5966
6627
26504
80219
8339
54873
29970
81788
7625
337873
26502
445815
30817
8345
22984
8634
11217
8340
10252
79158
10724
9182
64761
91807
23528
78999
22845
54468
1052
10978
347687
9819
84942
9654
8404
10430
54475
54663
5018
5876
8343
8346
54881
9882
10758
81569
9374
162427
51116
5717
10175
10466
3454
8563
23215
8540
26278
5279
8226
9657
8846
8884
58516
80004
100
54834
59343
50807
6199
11083
8347
4055
55149
29982
4008
51154
4113
54442
51082
55718
3017
5325
10287
5026
27340
9816
80704
23329
80308
10926
79053
51290
92856
1798
23220
6279
10201
58488
23277
56920
1022
7857
27349
57602
55744
28974
65094
85236
718
7763
55344
5289
10915
23583
10352
11096
4752
30001
5531
4257
51371
2957
91137
9530
441024
8545
60675
126017
51430
23429
10671
93099
55101
128077
80829
100532737
57122
6732
27005
7733
9879
55177
63979
51184
7919
129450
567
128637
121268
9948
89910
130497
54700
54878
6878
58525
116931
7702
55795
197131
23035
283209
7703
55108
157378
79002
6945
2967
3396
80790
84085
1456
1825
60412
64895
23287
8520
116150
143098
132660
348995
219541
29070
54788
7110
2802
85415
7789
4747
57541
9753
63875
92912
23151
25800
123811
255231
10767
9445
22976
91947
25921
57719
908
196441
150094
79717
55852
9258
587
6301
5481
51118
9031
54973
6607
79631
55466
5464
3098
1153
8890
10209
124801
2230
54708
170506
10440
4125
10548
374454
10606
9052
728340
4731
54331
5498
1659
3276
84549
27247
55163
27303
1967
81605
81889
54809
10605
5394
11102
643246
8602
10273
8724
64969
26519
7542
9790
10181
23450
283459
50999
51103
6455
51569
475
3840
57109
23197
54715
8675
55003
55157
55850
3301
26520
55759
3980
11331
11345
29920
10873
10539
23078
7531
55813
27257
8899
5501
51761
84128
9329
1176
83743
152185
253143
387263
147991
51421
1668
388569
54847
4710
5816
4190
143
2286
27296
60506
442866
2304
28957
11068
79979
4007
55625
4108
1995
5209
29071
51398
6727
10206
54981
7597
80345
55858
5700
79650
6035
5277
51174
55924
29113
83460
8999
115123
6625
57001
79643
5330
5009
4224
23480
7700
8601
3617
11019
23312
81533
4499
8658
55692
770
23547
51651
55002
1667
26032
4317
6511
23203
1357
728113
9556
5031
9376
57834
8438
51011
5436
10261
3073
26778
5706
7637
55367
51299
8309
10563
183
4604
5204
55512
2918
3508
79680
9162
22839
7498
64121
79057
694
9114
10294
54941
2281
10101
29844
11147
80032
3801
286749
84818
5428
23560
29058
1579
55596
10647
2953
29062
56142
339005
5552
54785
10474
374291
124565
139081
26261
2702
25847
26538
9457
2530
80006
9050
10164
2850
25893
81577
60487
54765
2898
7978
7544
10368
10749
10641
783
55248
51110
7699
60558
100272147
3622
4589
9651
79641
387266
9086
9189
2176
56942
467
8635
79943
23132
653689
8738
23245
9452
55285
53832
79731
284433
80759
79637
35
140851
3632
8569
29104
125113
9778
8128
347344
23251
23476
9439
55213
23168
26539
135948
55503
9361
130074
2938
8576
5923
26189
80131
54875
54972
389524
10753
23353
90011
8481
29100
5409
57113
9063
4931
7324
51652
728378
9173
54784
445372
25776
7409
147912
1564
9495
10663
7571
8883
2232
221154
757
4043
728269
5713
9912
26984
552900
6286
56656
9390
51084
3643
6866
54623
64582
3623
79867
79894
64167
63933
9976
23673
7142
7936
23285
8269
4351
6638
56521
4259
1370
79366
84163
26007
1849
7016
4694
8092
6643
8567
26354
63894
10775
56890
6119
54796
6098
3562
28973
9093
5696
51003
26472
284541
201191
5704
23412
51696
439
9538
79698
57821
3781
976
8581
55013
2879
79066
10897
2812
9024
80317
3299
55321
162632
375056
63904
51555
84296
10285
51626
57107
2958
4331
65109
10992
54959
1945
9609
3795
8749
6354
64960
51326
49856
215
81606
6726
654483
5157
2620
645
8444
23624
57101
55325
7415
23466
50613
9081
10954
285282
10302
29093
1289
55803
54454
389206
54906
9531
7692
5935
64769
4794
83461
5538
9682
84981
9167
78995
4898
5437
5859
51763
10850
50839
56548
55343
78994
478
316
1154
90480
10139
360132
10827
1361
55246
5435
11237
2346
29760
4332
5875
7294
6326
50940
55784
133
6698
5585
51226
1565
23293
10519
440738
2556
5095
2862
56965
29803
645745
7748
84804
11284
55211
4151
100190938
27044
26233
2210
9915
9124
8525
2220
60343
5939
2021
79414
140870
7979
11169
9929
246243
259217
9098
940
56255
6294
1814
80185
57124
1954
10467
56138
124222
149603
1723
4728
51493
56906
54793
442862
7314
55176
151313
7155
23384
55090
653781
779
58985
1515
79446
64135
10014
23460
653226
3931
6947
542767
6372
2693
127703
201514
84832
80000
2562
7695
23046
23379
2936
2584
79135
57017
10102
79774
57096
2624
5864
9943
79006
3029
5276
51186
64084
7850
2118
3575
5368
5892
10675
29118
150
10320
11328
656
27037
79883
6520
440050
51562
1880
6176
1964
11064
8851
135138
79783
9023
8464
79796
147339
1235
64921
63917
26071
30968
10969
79977
22907
4698
1823
79095
1271
28983
404785
9966
8813
55209
57119
27074
64793
7005
11078
1585
147657
8836
11337
81894
56269
79586
51460
117854
55831
23788
79147
2132
55888
51021
1838
57084
8863
9720
22854
4515
58494
79899
7223
23708
23025
50508
55617
5695
79109
90233
10220
51224
55277
4947
29959
56287
7288
55778
4308
5971
55505
9997
64388
1594
51071
442865
2784
11315
9514
8708
2242
2863
51127
57820
8491
80705
8409
8792
3754
4707
3297
23233
80021
5122
26750
3592
4656
3074
164656
5480
26277
1482
11072
2567
79713
2495
51171
8110
10868
4957
11283
64137
22953
4069
3064
319
80758
9154
54539
80347
8484
23349
50514
56946
55222
9266
6504
2218
785
760
752014
6390
5457
6278
205
29114
11182
51506
51363
55509
90333
81669
51005
10574
6658
741
11247
51435
8607
8603
8811
51019
79763
7453
9899
10902
3741
25852
7252
9775
2888
306
2825
59272
2990
130916
23424
83641
1429
3120
10941
1351
11254
4946
10726
79154
6128
6184
5711
6039
50835
79917
3687
79823
3909
10538
7441
6611
27229
3641
1907
57535
3856
10817
837
8926
10263
9079
10457
9760
91782
3633
57538
9829
338324
64081
54662
85464
10279
5826
64943
9705
55068
7205
50838
8406
51022
3978
22930
11086
11013
51660
6494
5256
145389
55106
51287
25874
713
11040
9
23090
8800
55683
6476
537
79031
4110
2328
7984
79090
1007
1857
60625
7855
23585
23491
55532
54737
10124
1539
6424
1525
7443
10528
6629
23259
8443
9933
6322
56993
3049
5707
11047
65057
9986
6612
494514
54069
84656
86
222962
8908
11340
26094
84313
493911
29080
8874
9703
8672
23351
118
9647
131076
83596
8864
23223
10283
29880
2976
55749
64976
7458
7337
55245
85407
10844
89941
14
116138
56905
84928
9191
57693
147111
84108
57680
11054
56052
5106
26297
83986
116225
55743
23327
51264
80224
56945
64326
7316
5566
5160
140710
23401
55023
1290
127262
4921
10020
10085
151636
57606
11234
92999
6785
961
84078
246126
142
154007
149371
80310
389432
64759
158158
64224
25780
7874
1184
79993
55703
91057
10892
195828
7182
64327
114791
26002
3652
55173
64839
51566
5274
2289
7750
51592
51735
2803
7257
6399
6197
255252
727936
23385
112609
23077
10730
63934
643253
1783
55304
148534
9765
23230
1983
5825
5316
5814
10149
26053
134957
22920
80208
84914
29940
79598
79269
9037
25827
401548
9581
23365
23200
1317
1739
5337
79699
55015
91452
55205
23335
5737
51105
22995
56681
9805
65267
9748
55839
219988
64132
4708
4943
10239
261729
9857
26269
387763
54910
144577
90378
23500
79143
57695
10501
25925
6874
222255
1808
4281
206358
22889
123879
2551
57092
10236
7581
7562
7326
59286
2549
3316
6730
6134
65260
6232
54931
6124
79050
1937
80789
10240
6136
65008
6157
30836
57418
11056
55140
55113
2339
84233
5110
10180
84897
26515
7178
51204
6133
203068
64146
8260
6810
91289
25949
56943
23160
55004
23195
8239
56260
57701
10286
4704
10885
84916
84294
51428
6449
140801
22868
79568
5356
6731
9689
1738
9238
29890
51397
3313
293
1207
55178
11222
1915
25926
5905
6125
10768
23332
9669
23382
84790
8372
6187
51115
166378
124454
10693
1312
81892
29103
23141
55929
11198
10987
7265
64432
6175
5518
84926
25879
7818
5195
3419
23644
29078
83939
1938
6206
29883
10171
54949
51067
11128
11261
84272
388753
10808
10130
10131
64794
26995
60528
55127
6137
10939
53918
57050
55143
6156
25902
541578
57647
5701
9147
92399
26073
6230
55830
6122
8667
55646
6144
9136
3320
55341
8086
51649
4141
6728
790955
55677
5817
3921
57466
64149
8573
9045
387522
6160
384
10963
51194
6189
22950
219927
389541
22944
9533
60488
2617
4666
9406
3376
10712
8760
9878
23201
56970
8788
7080
6528
7038
8904
9184
23061
9456
57148
116115
3670
91750
140883
84340
55011
8812
25885
4350
54555
152100
199953
55
57510
2935
9468
28969
1737
55278
55153
6672
54780
80227
57129
8449
9040
84293
9898
738
114034
26024
1349
129401
65083
7993
29780
51537
1729
8891
1107
1059
353
2998
80346
55471
23192
8021
10845
25909
5000
65263
2022
55572
201161
4285
55794
117159
27341
11157
128869
8454
64786
92345
57470
51095
6697
8604
57095
30844
9061
5130
55114
127700
140885
5744
949
7039
2194
6188
9455
26151
3420
79927
146923
6228
124245
5528
112812
30011
10928
51112
84726
4637
8532
51117
4508
6626
144097
83443
22941
64645
6234
55615
389362
55234
6513
1653
9668
3182
6202
83590
4054
6165
126133
80206
6130
54849
6217
10531
9711
150274
54596
81285
10985
285550
11276
2529
11176
6899
83860
7175
11224
471
9380
10867
6143
4540
125893
902
55486
7295
4519
2737
5550
498
5423
6500
119
4191
55755
171568
4512
6193
7529
11316
55746
522
10907
7416
29965
11285
112942
7148
64852
552889
339983
1743
9731
9611
10204
22928
1781
3631
1123
7317
6749
10658
6117
553115
124637
50488
8871
11051
3054
6204
3843
341277
1639
23193
1746
22870
55588
119016
6203
80727
55526
10921
4725
3837
10072
7384
27443
56146
6397
10533
4535
150465
26065
4514
162966
9962
51545
7844
1340
254863
4536
22847
3227
8914
1822
51142
375
1777
55729
47
84934
79613
58496
9704
26133
7311
64397
130540
84247
10174
162605
10321
54936
57661
56005
1911
80207
10825
10847
25996
987
192683
25764
57679
26103
222236
8242
10856
9746
10055
7283
57592
9416
51272
6046
56957
23235
79706
4831
201232
10549
5705
9650
29850
10575
83985
7319
642
3735
2747
23523
155038
51360
91298
5690
113178
9096
6311
57446
23361
3710
9777
2068
54439
1962
55684
8241
5211
85379
6173
56672
9923
431705
219
26353
375484
24148
84836
285643
23357
11135
58485
54676
1163
2869
6448
54808
2547
84268
283455
58492
22909
4720
132158
6452
271
64376
6461
7539
1152
374882
6888
6154
5827
7027
821
64788
328
4848
7407
80139
129049
9739
85451
5709
6389
55527
6483
4537
57819
5089
284361
2288
84331
79777
57221
9277
11021
57226
9500
55810
116092
6535
66008
81875
23473
85474
7555
80025
9921
29889
23601
7693
23264
8467
8562
55266
9276
55665
11164
89853
29789
10023
51255
9786
30
27336
10615
23086
7341
57620
9807
6575
51020
80124
161436
4267
4061
150223
56941
4541
10219
2029
7290
79762
25962
150275
80781
22828
408050
144404
51096
29902
8479
10155
23521
2149
27309
9217
728642
9811
26146
10657
6146
27018
25970
91608
2972
83637
84285
57585
57703
79784
202333
51042
60684
23020
9967
521
144233
6897
9747
29
57828
83445
100529141
6305
23495
64319
25875
120071
6903
30850
149041
4160
3312
55658
27107
729533
51202
54664
26173
26001
339263
132946
9427
6147
292
84749
7345
22980
9099
23627
85313
8527
1476
5546
388677
1984
57189
5250
7727
10284
539
9791
6882
4299
284349
152189
440400
51368
10367
1952
51181
26262
5127
27106
26589
90313
6142
54899
11022
23250
29924
200576
56270
8427
2618
80895
51755
51225
80233
147040
2665
114928
84286
83541
3094
8471
24149
3183
55095
65982
26038
79144
51440
10172
3237
10728
7711
10555
8079
644150
4123
23295
4037
6208
51307
4836
51522
399664
673
3903
27429
55323
54620
83746
55957
1855
27109
27433
114826
132160
2671
10056
4985
23019
1663
613
6141
65123
318
146059
143458
7988
7249
79707
8220
10743
6167
55624
116969
66004
2931
9203
644815
7102
65003
5710
387521
6621
51343
340719
57479
161424
81502
25824
284069
2023
51586
29903
5903
23381
137392
60686
51699
4897
64744
3185
5511
79064
23613
517
5223
51
4538
11070
57149
57704
130589
11188
10296
6132
6210
10443
10458
79033
8664
5886
11338
54476
8925
8318
6522
57696
54797
92342
388228
9282
10594
55969
256714
79848
6181
10715
81567
112858
79036
4714
26100
8216
6135
4249
10540
54939
9909
7770
152518
6223
10567
388951
441531
9722
547
10552
644591
64981
85021
25980
4680
29109
25977
90362
2166
23236
55970
9232
23510
11236
51128
57801
29886
4034
54531
6729
2962
133522
64324
5076
57464
4736
11142
26000
9587
162979
29916
7352
25771
23253
5198
51114
572
58499
117283
112755
55958
55651
5589
117246
409
7286
23398
10196
93426
2241
23244
8641
9666
22807
6166
23362
3203
282996
51195
54970
10262
23246
80135
4869
3133
27030
7568
25819
1793
357
79776
387856
6453
27153
23542
84059
57504
1543
22826
55201
1513
6633
26168
51075
50485
146330
9278
2909
2067
84303
55954
54921
51222
285367
9869
6850
84833
390927
23326
6741
6168
4628
80169
9509
442582
875
155435
50861
81928
115509
9275
10975
6297
7799
55054
3797
3945
126767
10742
7419
51295
158511
4849
5694
116236
127833
64175
2197
80319
8153
6231
64386
79012
92421
5881
2224
2585
7224
7390
9168
381
339344
2026
6323
79719
197258
51710
25758
100271715
91893
11011
25891
1660
84220
26508
708
25917
23464
9724
151827
2746
55917
22937
835
9130
22879
26286
7391
54540
339123
8031
22827
1762
374666
9742
2806
158
5719
4795
873
26061
1936
55738
131616
26528
9922
85457
51163
25871
81857
9710
1769
64429
80217
4539
7019
51260
79142
57337
23165
10564
284565
2961
10450
10524
23308
11165
147184
51808
81614
23089
4217
6161
23612
8178
4718
51603
3189
8720
1186
51575
1748
171425
56261
55506
57482
203
79882
56926
79035
9453
25804
115708
2805
26164
2717
339175
51253
57597
23387
22993
5046
9968
23145
8473
4696
3938
124512
22864
10446
64598
3547
54458
25820
339184
1191
5714
56623
65220
2196
2653
23395
11218
23597
10943
9702
51121
64430
55715
56990
64978
84932
54896
2870
6585
83989
57461
56931
23341
6222
51321
3705
5987
527
8437
23221
26017
9990
91409
439921
64979
79081
6950
23108
9670
28985
84314
286451
29068
6396
9159
9200
220441
22808
6830
54487
116988
51015
84343
84221
55111
133957
9372
5580
7284
9310
9679
8131
6944
10482
23094
79004
9491
284612
6185
51645
92715
64926
2889
10144
64320
55578
9527
55154
138050
23144
23400
4796
8550
63905
7705
57611
11094
6218
170261
286262
11118
53343
25873
10694
8526
1802
5306
25839
84197
84861
9092
22880
162494
163859
11091
514
9552
8888
6150
4705
56829
1759
10059
54890
84334
116541
25844
26086
116412
9141
196463
819
3106
54974
4077
10556
55863
91689
3679
6908
23155
54543
23383
64718
6129
5094
51564
118813
126374
29967
9723
10081
4706
399909
28976
162073
51750
11099
4116
29964
27164
10189
10650
221935
64400
94239
140461
10687
9620
131870
126129
54535
23451
91445
144717
30812
9375
8516
23140
92170
11190
360
6746
11060
54498
84626
7327
26993
255104
8482
1797
5261
10471
1537
144699
54344
55238
4968
5310
2801
9394
90956
64374
114823
9546
5303
92799
93974
8106
23152
57662
25792
4719
474170
8568
147808
10869
64110
9618
253725
339448
8725
90139
283316
1347
10207
340527
57463
346517
54148
9290
7389
84277
116540
51329
79934
165918
28955
6883
2937
3104
23536
57492
8831
6191
2876
55699
64098
24147
84720
10432
55847
84267
92002
81579
10260
5691
291
5688
157697
220064
55346
6838
7975
123876
143187
389384
51293
8193
57715
6818
79183
8503
27032
161931
55164
128178
55799
9183
57685
79590
118738
55709
94107
29888
84461
23187
5928
9592
617
116985
84669
4709
79714
55152
10755
23008
126299
64745
4221
114822
5798
8500
27158
6152
8824
9617
80700
5230
113235
23139
254013
338692
2822
5578
54883
63892
84548
7158
54874
9659
64848
118472
9044
55593
53829
730051
92806
2193
6478
653319
10614
9937
4493
642612
10901
51029
79184
27245
54938
79781
10499
81490
10445
83759
64983
51347
9046
1350
26121
2098
27339
79034
4548
27246
80764
4726
103910
64755
79023
85369
25966
115703
51540
221150
593
441478
100170841
401505
22974
84080
29998
883
6341
84275
7551
60678
501
28960
2542
147166
2011
84320
55027
400916
116843
219293
252969
58491
23600
115024
171023
23099
29954
219417
7280
51314
6940
51637
57799
399818
149076
6229
64434
5297
285636
84182
2055
55798
3107
8501
64760
11034
133686
2005
80222
129138
7675
84993
5890
23274
23210
3059
6941
55268
64236
23505
51406
10328
9604
64753
285761
57505
64771
57455
59
85359
65056
2794
79161
54962
4528
51728
3188
84878
23180
10188
51065
84232
56850
114803
4723
55230
6835
148
25798
51079
80199
9827
7520
154810
93436
114049
55184
54496
84301
90324
144348
9730
79918
5373
51150
3300
201164
54542
2893
117177
2968
91012
9727
81558
25825
11282
58478
51322
79692
64837
3613
7011
26022
6793
211
221785
55702
56997
84231
9382
9377
1949
6573
9973
340348
93650
6048
51512
57523
1774
10147
163087
3692
91252
440574
5300
80097
65110
126282
9941
4952
80228
79038
145482
145501
3295
84271
23031
23053
3913
143941
1106
79169
881
22996
25957
54882
60592
541468
7381
54927
4885
57650
2107
5082
26999
2731
55168
283358
6256
6905
5976
57666
5184
25799
23334
8802
150297
107
79810
55691
7226
116372
51308
4291
55117
144453
8412
80344
10134
5684
55689
353323
29796
221458
147015
84446
78996
79797
63906
11216
55626
26123
285148
5981
8911
23092
64421
22931
146862
10148
23588
84081
79600
51009
8886
54920
7879
163933
5685
4832
6934
5064
144811
23176
58505
54187
25920
653784
2091
23511
445
7373
55690
26012
57026
4201
81570
10865
10476
55160
10208
576
92305
1407
9853
79902
91663
3755
5395
51588
9371
5912
29115
64928
10600
170954
201134
55006
84775
5467
27128
3257
9148
55823
148206
222256
55871
23336
93611
6164
5092
390205
136647
81488
6748
414
54998
255189
10922
653583
9016
8209
80195
4140
2324
5307
666
2686
79647
54984
57335
54915
148137
3566
7862
22990
3015
90231
113451
52
6993
151903
92714
155061
221037
90321
9158
1463
51335
79672
10463
80264
146050
51013
2355
54840
2248
79621
51160
10300
22897
51473
682
115557
51374
56341
9353
5515
3866
163227
1933
254065
147007
83884
57614
8187
131474
136259
80746
57555
339201
23331
23527
200765
63027
388552
6812
79874
9733
84144
23237
9633
58509
220992
54556
85406
10717
9726
55783
53635
9101
84186
56900
64924
115196
26284
64901
283643
10082
5521
100129583
5687
83696
79684
440590
54987
56654
57599
55125
388115
10469
8859
54856
5495
399967
79019
57223
113278
8776
118788
27249
387914
55280
91433
29072
9543
246175
55731
3155
51123
11143
26263
9842
55659
256471
177
134353
83699
1997
223117
83987
53981
51172
55206
340351
3850
10494
64762
23256
10116
92104
84311
54455
84524
25961
84759
1209
4701
25759
51132
6227
116461
3707
9080
8834
137075
84342
145264
1795
57575
153527
5896
6767
80117
79656
9410
9847
3163
816
112483
2901
80011
147011
9694
1725
7737
10477
10063
6613
146198
389072
51340
151194
123283
7325
2983
29937
7634
80728
196051
7761
4695
54914
9754
6051
57600
9984
55768
9658
345222
9758
27147
112937
2941
54958
4254
9440
55592
339231
57147
5930
27324
79831
661
55051
6002
54058
1478
55604
92822
8379
65998
5042
55203
285268
51177
10179
7025
114299
2700
1454
57515
23363
55226
65062
10109
10437
116840
51734
27333
56848
283638
5190
6942
27316
150737
56103
6415
26267
129080
9551
91607
5066
5609
10434
259282
23421
2629
27291
90161
84190
126526
152503
257407
124997
84281
23373
10322
284459
9812
57150
9859
84946
9640
79677
114787
29966
6050
10535
2195
374378
81545
5689
81566
54516
84961
252839
10529
509
55014
25903
2140
8862
55331
55860
4660
6233
51385
2781
148304
57521
1508
84321
26287
6654
348093
84058
57537
114790
10213
9936
284613
4809
83638
55661
166379
11275
9133
55317
51390
4354
51097
1535
201595
23759
84937
285966
389668
11154
22850
4067
9924
400720
7156
57570
6792
51218
200312
9900
6499
26586
51247
51341
56252
9054
55249
10899
7690
90417
9091
26256
123207
79728
51602
8704
5824
9600
89891
51466
5189
80152
84299
10497
25927
143872
84100
79809
401265
22901
6207
6482
100124696
80013
5151
23596
54802
63943
54951
66000
1378
57591
81027
7347
6433
5429
7216
348793
57623
124936
89845
11161
573
378708
55751
2117
81689
57795
55975
112487
205327
8898
728294
5911
2271
123355
147
23208
187
2528
1730
55714
5532
9776
132949
55716
115948
270
56683
653437
54946
1285
8780
89857
59269
79864
148932
6462
2774
515
1742
57622
23420
8237
9570
22997
9094
27304
51389
96764
9013
23258
10454
81932
55167
10363
56160
57556
11280
54902
25953
23440
3364
4247
440515
5547
79759
645843
54977
163131
161725
55190
389898
55330
10513
25930
27072
265
81472
23038
51094
728489
51678
4440
64863
64426
284382
729967
84900
23024
151449
1288
84273
5702
9378
4036
4825
55734
57711
51318
284252
10478
8045
146909
6457
23318
4676
5147
51069
342371
5125
85395
51463
1280
22895
80851
51187
151195
8848
79176
129531
246213
340277
83452
55827
79768
116832
6281
51012
25972
11017
51529
56984
286148
5686
51091
94101
143244
79644
134492
123803
137886
157983
23598
25821
10960
130367
123720
4633
5032
1877
55020
25915
79725
7546
29066
3704
92211
55147
392862
90204
9175
283871
55435
3177
79842
200205
1613
64777
3386
55182
9412
23218
8881
89882
154881
285605
2644
1890
81890
92906
84253
113510
51185
653519
84444
146540
11201
63932
648791
11267
84284
65005
147179
64853
285521
2108
55930
83732
8446
6809
9978
81793
1327
5213
9955
9885
112817
23765
56925
23294
2788
10577
23125
27350
139562
91461
284001
8655
84262
1159
55681
134218
23301
79833
79739
200186
9064
4200
84269
257218
130502
2878
84895
9895
219899
162989
10591
26160
115361
60626
3043
81544
401250
26037
57333
51690
6635
10498
91875
8975
80313
56975
2048
84337
25979
79786
65250
2079
115106
91368
118460
55319
93100
138311
11133
8976
474384
5108
6192
56915
27344
54536
147686
2192
22852
23071
6668
85364
197320
79165
55253
51258
57325
7273
57724
57827
125058
55180
9352
51061
253650
340061
60682
79230
1510
91120
3373
5830
125336
51030
29801
339487
10299
5164
197342
257236
3145
80045
8732
5692
9751
5902
2730
55670
80271
221496
6355
124402
60493
81037
23587
144132
84662
55293
2275
128240
5264
113878
55142
55422
79091
23284
54852
94103
81550
54707
5802
11193
149175
55110
23001
83463
116983
9215
134145
421
6919
79770
2925
9127
51300
3275
374655
3232
3212
728661
81559
23645
10965
25914
79953
1069
64968
394263
867
83933
142940
79736
23142
643155
644
114327
6567
79658
84529
1373
6821
81847
284307
253959
84069
5251
26054
285016
8711
146857
131149
132
23658
137797
54554
150726
64131
3788
6549
51706
27112
163049
1861
144363
114783
26469
26279
8517
51585
54529
54867
23520
545
28990
11163
1896
100131378
401541
9789
79903
348235
57414
79868
131669
9360
51599
51227
10169
342909
55634
84798
653404
341116
51241
254552
643836
6693
57546
9686
5504
84276
84987
51503
162998
1016
7132
1555
205564
337882
3950
22938
83640
10073
692312
353324
374946
9635
11194
283659
284371
4081
631
80772
57727
91133
84240
131408
57562
79058
55094
54853
51203
273
246269
55074
5587
1544
26051
113655
338879
55861
80143
222553
79068
41
10243
443
55254
151531
2814
29088
27293
220965
85363
53339
55001
158358
60560
85026
8227
84938
314
84811
2081
56181
84502
23066
85019
64766
63935
22888
79989
3214
120227
145741
131965
131544
339324
27034
57117
399726
8578
84936
400569
84844
3142
94039
64093
387104
653505
116154
51078
4329
90423
60561
121601
64223
9716
23746
91464
6775
11059
1307
27122
6586
216
3248
3292
9474
920
128209
652
136991
5734
5948
399
6886
58476
843
50604
253559
1018
25816
4502
348
64506
7031
54897
11141
11041
2581
80326
9486
56135
56134
56147
56139
56137
56136
56145
56143
56141
56140
651
176
56130
9448
84254
5602
57526
6666
51208
55704
83998
333929
6392
24141
5920
170961
624
9971
5134
9619
1044
30834
378938
22806
6847
5771
3384
30061
10879
3732
9956
3702
285194
54567
2537
2207
5777
267
13047
57158
4826
7476
116535
56776
3082
51764
83595
3077
25960
495
5338
2139
56479
4988
252916
9068
15
2914
64699
222546
64321
5648
4547
5999
387733
5105
64067
53354
84287
56980
51083
254428
92979
84243
57494
8693
100528030
91833
100529063
58517
2013
8139
9764
26118
2548
5932
170463
170959
84924
284352
23190
26122
85461
100529241
80723
285381
55324
4238
55299
1462
153642
221710
4277
10248
83930
253943
100533105
4722
121665
7517
27300
84826
56852
1901
54734
7133
23130
84876
55629
115825
1603
91612
122953
80301
23247
5142
84282
54862
57615
140688
9637
56902
22848
51714
55669
93624
56897
9128
53344
100532731
100144748
90780
156
84614
29915
10795
127018
79912
160518
116228
29121
8643
7681
54469
55421
56242
199777
55544
1329
205717
57182
8293
728492
10087
57128
27297
3092
9831
5150
4810
153
339287
90594
113835
84671
79134
5028
651746
57486
8504
114907
23508
79838
100462977
26049
51058
84419
284434
115704
192286
219527
400793
55359
1337
192111
121512
57116
6171
5051
84945
55739
4287
317762
80031
8303
7627
4094
23098
284098
284106
9241
57132
100526842
84449
342892
92285
90317
91664
57468
57539
554251
388962
253639
63924
401152
132430
1998
93166
153562
729515
9025
168455
340481
340485
404281
158586
375035
533
6169
125488
284391
79939
199857
134147
100463482
93380
23034
548596
136051
5996
23162
115650
1310
54440
340533
139322
9866
57713
100529207
27013
3122
29923
59339
84807
3782
84888
388969
80709
100529097
100526783
339318
85460
2892
2028
190
5884
11200
6604
10398
51237
1846
2524
5672
84964
2868
20
10385
284759
152756
246
29785
163882
3557
55450
29943
6283
51351
8808
56180
5764
22822
239
153020
22885
726
8821
7180
254225
5592
7054
11178
54851
23586
4057
7482
1644
2104
161882
8844
5345
397
2672
6927
7186
1813
128272
1536
6616
116519
376267
285
11191
3134
100124700
3627
406886
8456
1716
9863
7058
26355
8759
799
22918
54329
6348
10103
80036
10736
2006
6337
83571
1269
1268
79444
10017
168400
2213
22882
3466
129563
429
668
51284
11477
2047
3766
115701
43
3166
60674
79885
56888
7375
3934
6010
29392
6939
118427
3231
11270
388585
1390
79149
148198
7644
163223
26048
84838
353088
7592
91975
7586
57683
85437
23091
7709
7511
56949
6843
80146
57558
199746
56658
7111
91147
84065
89894
55374
79178
24144
22797
9779
414060
117289
57586
55061
10228
8987
134429
10011
6653
51548
26040
49855
79595
6224
6139
100526767
23179
5994
8625
25898
92400
10156
10111
58497
5583
5575
51535
5450
9512
22874
63876
27315
80003
27445
7181
57407
84166
4799
51594
266812
140838
646309
53904
100463486
100463285
100462981
79828
4155
129642
130576
767558
23639
728392
3964
55915
26013
889
129285
114818
84623
11127
57587
7403
9424
9312
3742
3630
83943
126917
130026
3141
3113
10866
283254
2982
2800
2762
169792
26088
57818
2492
23360
342184
26235
129804
54854
401145
23116
2131
2060
126272
78986
8818
1796
84649
1520
8727
90993
1355
51138
23529
23563
1120
64405
151887
57332
825
94032
776
84909
55262
285958
64417
79669
51526
54991
126074
55290
585
85316
489
8853
203859
288
254268
125061
166
97
653857
57180
126328
255057
171484
389197
27039
63977
118672
84239
51643
55964
23338
2561
84107
340543
8537
10178
84066
343035
23315
127943
196374
5828
139422
7621
148753
360165
51393
27133
166815
50619
560
55610
686
84874
23074
92092
134829
10788
55296
60482
9066
81796
3235
346157
4360
9419
25907
348980
404672
84216
55906
51458
55892
84105
284067
147372
29119
728927
10913
6519
166348
10117
838
55667
79746
1787
401535
29974
85012
221823
728841
340784
6318
53405
345079
147949
122553
81832
6563
2859
344191
120776
552
54859
90557
6317
30811
9014
57709
3131
51092
9628
283008
84278
7652
345193
9294
125111
140468
728498
653720
5267
728568
55766
415
169966
205860
56649
751071
286144
643707
442117
84978
131450
10878
642517
647042
3281
729438
3908
2641
221833
7643
375298
729920
256130
5680
53616
1005
388272
55350
66037
7306
2298
503693
414235
2315
170082
3443
79625
653427
349334
4340
80114
645974
340529
645996
5733
256380
388697
8876
5877
84620
83983
154807
54762
11148
400591
2760
400954
4983
56125
29087
55145
5549
401498
51008
653073
2358
51725
285382
503582
644538
23101
653423
120103
126069
23262
9263
387758
84224
6019
200350
7881
64399
8492
3549
7589
375033
145483
5651
153478
56832
57624
494470
84530
64579
84138
4969
2016
51691
29993
400961
84955
646982
3111
203427
23551
6948
27334
9957
342132
57210
10505
6008
654790
3175
83988
139324
2560
219287
25834
7572
7746
6474
9729
135656
647309
114926
10039
83876
345651
1804
9403
83953
10936
2262
335
22869
57091
57717
441871
391002
349633
170392
4808
379
30832
79541
29906
63899
375189
260425
90390
2151
375612
133383
8973
79370
7849
9340
25796
13
54968
84251
25945
403313
3745
25900
3356
58513
162963
57469
55311
8639
374875
4213
51279
654429
7100
221
80975
171389
100526794
100532726
57604
54514
55024
65243
765
165829
7307
401124
100885848
9715
54900
377047
7697
57010
84503
128989
391013
84124
9254
6007
83394
145195
50489
57057
5910
2570
28991
51816
55508
122704
114984
5682
8814
56624
84109
4099
91522
55423
143630
161003
548644
63926
353116
164395
195827
64600
340204
100132074
51006
1557
2334
115004
112611
127670
51377
9725
54470
8861
100049587
79016
6677
79694
79862
1903
257194
142679
815
376940
80778
100134938
7620
374383
340554
64856
4835
64410
27152
353131
388531
338321
55328
727910
23545
11248
388121
132625
401097
340359
56475
79856
60509
493829
84245
55214
7388
124857
283985
3310
54460
200316
85007
84868
7565
189
140738
3777
124923
317754
55530
25886
200916
23498
2785
92591
6360
2264
51373
170589
9032
23105
1950
79594
23217
9325
1295
100506736
23205
4234
22832
90379
65249
9002
63941
8740
51409
11103
57002
85865
2639
10627
5603
7554
388507
51193
84872
728116
7486
9959
7287
151613
51605
7188
27320
643853
641649
124491
29928
6884
23635
402055
79086
284723
114789
9963
119559
6383
55269
641455
200150
27115
5079
4858
654364
118812
100532736
83552
92312
51072
8930
23005
9860
51557
200942
55220
83855
283219
727833
3560
8739
84439
8026
11269
23584
1466
541565
647087
124944
79591
26580
497258
148789
390790
191
348262
374618
84667
404734
2738
100287482
27023
390874
100130958
5126
345557
128876
163732
727940
5314
115019
23137
1583
57524
54905
53833
54584
1240
8637
225
84520
201255
153745
728505
286
9049
6751
56751
6496
140685
9942
368
388336
10335
80820
92558
197350
94030
54858
94274
9170
23666
23302
283899
283487
84948
4629
285267
5165
146664
80830
130617
389084
55679
414236
91179
23114
153129
64115
54971
84639
53345
85409
10317
2843
128822
23096
554250
58512
5453
25973
10660
84504
916
197370
5455
113622
433
5348
282553
389400
3767
10948
349667
8541
153571
339416
338707
9230
283991
26050
259173
810
79884
2596
10815
112476
57156
64843
10481
5192
6529
64106
254427
84443
8001
55244
4059
6550
3004
7379
7425
4488
10297
6556
3587
79890
359
65078
6405
65268
6293
154064
4900
57710
9001
9402
131583
2019
8632
57514
642597
100507290
388021
389114
11107
3568
387890
100506012
7260
100132386
388125
11330
51702
164091
8224
8717
340602
728464
342667
1260
6753
200958
1908
79836
10251
168667
91977
6506
11095
8369
84957
144715
441869
169841
8938
55687
3748
87769
79573
1297
5143
339327
401944
374407
6011
89874
256472
146894
363
57125
50852
387254
80125
84547
4064
27136
23439
54943
5539
283385
84517
84440
8786
11074
348013
5088
140766
1141
30819
755
140460
11145
203190
81844
79583
8690
65065
10349
1821
338773
124599
9247
134548
55966
54769
22913
221302
5167
503614
442213
9166
79177
245910
4158
158506
252884
151354
2849
79876
163486
7495
440730
642489
55843
56413
11240
153768
51704
100463488
100462983
8120
388524
64343
54065
152137
284297
220869
11317
200030
57549
57111
57489
145645
93517
124590
6327
26093
163115
642819
6921
165679
54492
9662
404550
161145
119710
283130
7710
158880
201633
149478
441151
64478
161779
222235
80167
57512
221391
7512
574431
222662
25769
3167
124535
125
3761
11309
1608
8674
50939
11123
23566
3760
8326
116
150771
149466
6439
55534
3216
5698
151556
59284
7310
57721
253017
26270
29988
9481
10100
149628
10846
5013
56670
2300
200539
400120
116143
157657
151050
3779
7350
343702
146760
10231
283796
79078
79788
9472
8832
9692
143903
91050
85300
7766
100289678
152330
387712
123041
8266
8564
23544
284254
80274
222663
1061
11033
64108
3431
7691
2128
57185
284339
220416
100129543
25850
53827
388135
9399
729993
390637
55967
100463487
100288485
11226
445347
51149
353345
114132
147660
654254
285193
79742
256764
55586
346288
440023
241
728882
4237
51531
115273
339896
27286
118881
474383
94120
116841
10638
55805
11179
344787
171392
25913
516
79949
25988
90639
643904
375341
391104
285429
347688
633
23742
2894
56660
27287
256815
84142
400798
167465
150696
6752
342850
91949
84902
23087
147929
83935
26253
158234
166614
149461
199745
58500
391059
64798
5205
2895
132321
6770
91937
57677
284086
131890
8942
6521
79959
65009
79991
3743
9517
79041
387032
7704
7301
221981
150921
644096
9367
5867
4753
51776
10008
122961
2904
2899
57476
2786
2677
26268
126433
55793
407738
120526
1763
197257
129684
91860
27101
6205
79673
81931
3768
3250
55668
27010
729747
401024
283948
340578
55829
55711
160728
6547
53340
54551
201176
60494
10038
375519
9843
100463289
150590
728591
339855
285668
84060
114879
132989
5462
574537
54753
339906
3112
6540
155066
390748
54627
100534599
387804
151
80059
57481
283514
125704
337959
84709
4901
387837
54940
10157
440603
3758
342510
400935
360030
3824
55301
8928
126755
4153
6512
7626
253152
285753
2215
83861
1270
114824
2993
7093
206338
57594
414149
65251
9907
9153
8195
3476
388335
51263
166793
4987
90649
388407
55217
6525
284186
54328
6524
149563
116447
474344
493753
400451
340390
768239
284439
163782
283171
11346
6373
149840
124935
147948
11318
6340
6571
64789
6998
91392
389015
151278
89858
283748
53938
9056
153643
115761
129787
196264
158835
9515
2212
90580
10863
56606
100302652
79983
27130
28234
79400
92595
26290
9717
387332
5740
7276
5341
401258
420
55846
4353
3780
64743
140564
5010
374879
51619
84134
144110
645369
100507421
51768
6871
256435
257364
387640
347517
5729
80148
57449
5334
55124
55650
8929
5097
4958
100463489
116255
9848
11183
4129
442721
9757
55083
3764
341208
23072
11245
57369
2558
93986
2477
494188
23194
5168
317649
256643
22866
135152
9828
27329
134637
105
930
642797
153769
10288
343472
93663
5995
5284
113828
283446
915
64581
126205
2169
9649
2779
7594
347475
440503
100132406
399888
54207
2049
345
5753
5133
64431
5191
84154
10086
51074
135112
729627
158135
10781
100996928
7767
348158
5354
50810
2565
729288
220047
27180
1666
51499
399473
653509
957
4700
338645
285492
127
10884
160364
148213
284406
126014
100820829
646019
619208
4978
79782
168537
84717
129880
287015
160287
7365
245806
100996939
5308
83259
5083
9324
374986
55122
100534592
55786
51527
83877
340252
653567
401647
100132963
353132
375248
153443
3010
388567
79723
89792
1261
3884
162993
116028
59351
342538
4338
149013
168451
84083
1834
50854
9441
84034
8089
10194
10807
8048
2188
729830
134728
155382
55672
85441
525
100505591
27328
55170
25832
79703
25797
388939
150221
1400
202915
653140
7743
126637
93474
219956
157927
51528
28512
126393
773
4887
4013
10107
85446
401335
51059
440275
89932
1262
155054
400746
63877
120425
108
388662
54913
79895
170692
5024
6737
7130
440073
51399
285849
440519
84894
83882
10653
7772
83742
9674
204801
79865
65061
126549
622
653308
728418
5613
9671
347404
7781
29091
6758
83937
84288
6757
150372
283576
347273
134510
727837
5003
8618
4146
100128927
30818
23229
57465
90529
2766
5173
2259
202500
54102
388536
170575
1006
4940
259293
646851
389856
79921
378807
155006
51085
7433
729085
402117
151295
10859
399823
55286
6619
9734
400950
286223
2245
114784
11093
653
1486
2949
57863
7292
257202
3817
199704
6334
155
440107
2359
4542
64409
2831
10782
162972
677790
2535
55228
222537
219833
55055
26735
117
2813
124975
375607
146861
6123
27177
11027
8288
54621
8402
9542
4009
79712
252995
94160
192134
134359
222234
80231
84501
55092
51281
84628
196743
79037
84289
79853
167410
3975
10816
6583
84102
81607
117583
6689
148362
219854
339965
494197
5252
494118
91978
23026
729
123722
200407
147699
220108
10229
48
1549
89927
4489
116835
127795
11170
222171
493913
94121
148281
342926
9121
374659
503835
144321
154141
54993
91056
56912
339122
10010
2329
349075
10780
152404
392617
90353
23766
128977
10093
284266
6473
432369
57118
374955
7268
7809
55283
81494
219972
340385
167838
2566
392636
504180
245908
342945
146852
91662
134391
51270
127124
155368
51023
1234
3588
115572
50636
26045
11063
51101
79845
84953
202134
27233
85508
9271
10237
55640
338
2979
10486
116449
27238
134111
7143
55529
10716
22987
23648
9806
114815
54212
81609
159963
788
114571
11264
152926
27253
57144
64844
3786
57338
3233
2257
1747
203238
10369
84904
23452
140690
126259
55297
23443
441234
134549
120406
59353
286411
163351
128153
149233
220074
582
9204
64333
162417
84911
128338
9443
54957
8807
114987
128553
54429
51046
79753
3769
2740
1734
3899
2110
2844
284110
144568
167555
23704
1615
57379
121006
51550
120400
401136
388512
79924
57412
79465
5158
203260
715
57511
91544
169044
54346
79962
3559
441549
10301
338557
3683
374872
400673
401409
51534
127428
54617
26259
646450
79605
10380
1770
100507249
96626
100288695
3238
27302
64427
6492
84859
78997
54520
160857
129293
221060
140823
159296
93010
147381
395
730087
80321
341883
54836
51027
8913
2533
64689
9965
5470
64284
11250
283578
6781
50506
100129654
283777
4595
100288413
57684
9737
339665
7678
23143
29909
85442
140733
57228
147670
83608
91442
148113
9051
400258
121391
221400
9856
101060200
285315
834
643314
60492
3846
137994
100526773
283152
4690
5260
5075
29960
85016
79582
205147
2488
85443
93349
378951
284071
114805
8505
730112
54826
494551
255027
137682
8405
163126
645840
378948
5940
378950
130813
92552
4115
8029
10621
93377
680
492
79626
92344
6580
339501
9356
3123
440077
10307
91687
5136
132884
148738
55663
51259
8590
11251
220382
79324
246330
23017
3355
55191
152816
254359
84522
51693
5346
6609
7570
23514
144406
131377
79750
89876
57408
3394
55100
10686
27240
1830
59285
83878
54210
119587
100240709
8882
944
51311
11185
128611
57567
7768
79696
221527
7423
25862
7353
22878
100128327
162461
55219
55287
10333
26608
79987
100131390
100507341
22865
54716
6493
462
65997
644524
340156
4439
4139
4010
57613
81033
338442
119391
10691
2557
83856
23732
139628
55199
84734
1837
9228
57105
643
4345
868
827
777
9854
145853
399947
200558
8728
2867
100506084
8798
283848
414919
641339
2053
54490
197358
100293516
83795
79744
150365
123745
9034
22921
8528
26232
222698
119032
26974
401563
51778
10316
30835
81789
51057
5145
23743
84674
56165
23354
26009
196740
340990
84879
140862
4359
55561
57415
84167
4798
4867
56133
128864
345274
1406
8972
284353
124751
79098
51310
4117
55295
90120
4868
79157
26039
79701
286053
2916
8341
8671
84552
10249
197021
401387
9202
200315
285676
5558
286205
55005
148203
392255
54414
6247
285346
1
147664
7553
344022
148808
5078
93190
9172
64776
80263
9152
54960
863
64763
100129842
27202
283927
55856
7739
285755
9905
8542
389643
9370
60491
377007
494513
51608
388591
64425
203245
79005
84436
5342
286075
5343
153201
55017
51316
55255
23324
55195
9564
374768
9373
2074
79947
199699
9435
339834
95
100526760
83849
25880
1305
80832
54549
9826
7481
100631383
30833
196993
7730
8424
79873
81551
57528
58530
22871
114821
647219
116211
390594
55889
84309
3174
340706
100131897
259215
114625
27343
376132
196074
390598
337966
374920
57381
161514
134288
151651
121214
22989
114799
64211
170680
2158
168620
644100
93210
414332
27094
100861412
85569
100303755
653808
80070
79622
116085
7569
51744
10814
131177
200845
9844
375337
221120
116441
1145
5533
64946
79175
8455
441631
387496
3593
64111
9108
100526740
583
94
64975
5413
344658
84525
758
4776
6332
55009
388759
22979
79640
11082
57593
400745
140
283518
83852
389799
7633
9381
387885
132724
29933
124460
90678
2587
931
6769
257641
320
943
285955
160428
59335
84817
25775
7429
6013
89801
145942
643236
196500
84985
2555
100526694
111
283463
29990
90673
29944
285175
9214
83448
730005
83744
158038
574016
9071
343578
63948
221336
25956
81621
339403
5788
375057
100129792
25855
56241
115286
4481
2963
6887
337978
83482
388566
147700
126638
115992
138881
170689
115330
3071
64240
10343
84660
50832
23504
1610
6376
5153
23403
10428
199692
26276
51106
51256
83891
123096
64792
338382
9240
5193
9397
63908
114044
65999
613266
2517
285527
55120
6990
414328
84933
348110
65980
57763
6277
5626
255082
26291
79623
2676
652995
63826
6425
55384
64123
4793
283131
361
28999
1244
6331
23410
7318
56339
2811
1559
11504
7593
1113
3273
116701
10371
5313
282552
5590
30274
10864
14102
26765
171528
4599
22339
7366
199974
1893
54209
135
6023
55000
51561
240
2202
8815
256691
53614
7364
4583
1524
8205
10392
5820
2122
112597
123
8100
839
27141
4049
970
8996
7060
382056
56208
1293
6862
499022
146433
643911
26927
127845
23642
137735
65018
150684
53917
619501
378825
6275
200575
911
81516
10631
6531
3201
2660
266743
4607
22949
4842
6761
5745
6614
102800311
57212
57108
100316868
7299
9075
3620
100302736
90933
729583
1401
84939
114794
57573
8912
917
29063
112936
79007
100507588
828
401137
6302
222611
25876
100526737
85358
4487
102288414
8534
147741
4738
399948
268
283869
84627
84873
255783
79946
126208
148268
1345
83873
9677
10974
100526664
4065
2583
54947
79096
100131211
9547
1382
100127206
162466
200879
317671
126567
6891
90485
10265
55181
201725
553158
5662
57419
222166
348094
55726
91862
440560
653619
645359
400735
343070
84925
6617
55971
201305
401089
116151
4245
346606
946
375567
84561
100289124
83694
730
345275
90199
100128264
83695
79368
202374
27146
84572
29881
29950
100131439
4051
10319
128387
127665
100507608
7172
55851
78988
389336
125170
81855
23428
285220
2588
26507
203414
375775
285343
152015
80352
388610
387267
1607
5475
56986
80724
222487
54067
5196
7566
347516
114043
53820
220001
127707
85449
513
9622
11189
26230
647310
79411
81025
3140
130827
116349
387978
55531
2038
340152
100141515
10468
653361
10720
284274
8387
401612
57348
3952
146542
121506
124925
3762
339883
2767
60680
10956
80258
9177
645121
80736
152002
56971
3898
79363
54828
29105
157848
326
5068
57643
100533184
7561
55937
10858
1137
219938
10886
5992
57451
7103
1735
26996
8705
29851
140578
79152
5228
654348
100302292
100287922
117153
645090
727738
91942
1047
92960
4050
80237
27111
23572
100128295
10661
244
91431
552891
339924
3816
9142
25765
55436
57627
57525
9691
23044
9930
221016
25924
51010
4922
1622
55747
100034701
26148
57159
55412
730589
476542
11658
50818
554045
58801
85025
654341
345757
26610
728013
641590
653252
100128046
30632
12780
283867
2258
80161
100506428
503637
8841
100423062
57291
85028
4397
100505641
84630
100506930
4498
2203
3002
220107
26851
1433
257000
349114
149837
84848
255631
102723356
440823
84791
100505746
100130776
283120
14451
100506866
100506311
401074
11045
100506465
136227
16193
79469
645323
100506190
1116
285987
10439
404201
100133205
16353
10984
407975
100507206
100507347
20674
151534
4210
106182249
105370681
5225
84152
100506211
728589
72
79792
54103
100861548
84973
4803
118856
647979
400619
104472715
65010
100132116
643365
641518
100506649
10158
27004
285463
65217
101928795
56164
29065
101928607
441951
8775
100302692
100505994
285708
64805
3736
154
101669767
100652772
388906
654434
4246
84148
8543
7113
100133311
645212
6911
2046
100506237
3158
285943
2302
5004
10242
2833
6695
641638
2157
7361
54714
4060
491
51234
729956
338799
101805492
10930
2954
283460
140828
2155
26228
138046
100507500
100189348
100507008
1356
660
100128893
85445
128439
642587
100750225
100507059
84793
102723932
1501
83844
662
3601
10168
107984660
6403
103611090
100628315
100093630
400043
3208
2303
51741
100129387
3047
404266
1264
100288346
60489
3440
54106
100217367
6543
1437
1758
358
728655
10161
9573
646024
104797537
23263
100507056
11023
6869
10230
102186879
677779
387590
3848
6955
400550
105376166
105371414
100190939
25859
5179
100188954
100128164
728264
8420
100874365
100505817
64002
57817
283481
729852
100885775
84700
406991
378805
105375475
100129075
90632
106480420
728192
100270680
441094
100505666
100506305
101927994
104472717
100505881
101929111
105416157
3730
135154
266977
283383
160492
124045
648691
101928601
85452
7218
221322
439927
283687
100129480
92340
165082
84808
1238
54661
256302
23434
148898
51639
283025
646600
1060
653234
152078
286464
347088
400165
619518
202299
144535
55779
