55119
7905
126375
202243
3110
65258
80007
51780
10048
92154
55257
54891
83607
57038
8323
285855
9646
84328
79832
7543
11278
148423
10923
607
116984
23396
9139
27235
6182
768213
28966
6839
51542
10245
3995
112950
55584
23633
126231
7004
6832
10514
768
2564
1842
797
8623
684959
9960
6652
1727
7185
6764
10162
27131
9462
25974
23240
79642
11342
64328
540
440689
5162
9675
55240
22823
57707
54432
25888
1852
65082
6877
10057
6895
51200
5966
6627
26504
80219
8339
54873
29970
81788
7625
337873
26502
445815
30817
8345
22984
8634
11217
8340
10252
79158
10724
9182
64761
91807
23528
78999
22845
54468
1052
10978
347687
9819
84942
9654
8404
10430
54475
54663
5018
5876
8343
8346
54881
9882
10758
81569
9374
162427
51116
5717
10175
10466
3454
8563
23215
8540
26278
5279
8226
9657
8846
8884
58516
80004
100
54834
59343
50807
6199
11083
8347
4055
55149
29982
4008
51154
4113
54442
51082
55718
3017
5325
10287
5026
27340
9816
80704
23329
80308
10926
79053
51290
92856
1798
23220
6279
10201
58488
23277
56920
1022
7857
27349
57602
55744
28974
65094
85236
718
7763
55344
5289
10915
23583
10352
11096
4752
30001
5531
4257
51371
2957
91137
9530
441024
8545
60675
126017
51430
23429
10671
93099
55101
128077
80829
100532737
57122
6732
27005
7733
9879
55177
63979
51184
7919
129450
567
128637
121268
9948
89910
130497
54700
54878
6878
58525
116931
7702
55795
197131
23035
283209
7703
55108
157378
79002
6945
2967
3396
80790
84085
1456
1825
60412
64895
23287
8520
116150
143098
132660
348995
219541
29070
54788
7110
2802
85415
7789
4747
57541
9753
63875
92912
23151
25800
123811
255231
10767
9445
22976
91947
25921
57719
908
196441
150094
79717
55852
9258
587
6301
5481
51118
9031
54973
6607
79631
55466
5464
3098
1153
8890
10209
124801
2230
54708
170506
10440
4125
10548
374454
10606
9052
728340
4731
54331
5498
1659
3276
84549
27247
55163
27303
1967
81605
81889
54809
10605
5394
11102
643246
8602
10273
8724
64969
26519
7542
9790
10181
23450
283459
50999
51103
6455
51569
475
3840
57109
23197
54715
8675
55003
55157
55850
3301
26520
55759
3980
11331
11345
29920
10873
10539
23078
7531
55813
27257
8899
5501
51761
84128
9329
1176
83743
152185
253143
387263
147991
51421
1668
388569
54847
4710
5816
4190
143
2286
27296
60506
442866
2304
28957
11068
79979
4007
55625
4108
1995
5209
29071
51398
6727
10206
54981
7597
80345
55858
5700
79650
6035
5277
51174
55924
29113
83460
8999
115123
6625
57001
79643
5330
5009
4224
23480
7700
8601
3617
11019
23312
81533
4499
8658
55692
770
23547
51651
55002
1667
26032
4317
6511
23203
1357
728113
9556
5031
9376
57834
8438
51011
5436
10261
3073
26778
5706
7637
55367
51299
8309
10563
183
4604
5204
55512
2918
3508
79680
9162
22839
7498
64121
79057
694
9114
10294
54941
2281
10101
29844
11147
80032
3801
286749
84818
5428
23560
29058
1579
55596
10647
2953
29062
56142
339005
5552
54785
10474
374291
124565
139081
26261
2702
25847
26538
9457
2530
80006
9050
10164
2850
25893
81577
60487
54765
2898
7978
7544
10368
10749
10641
783
55248
51110
7699
60558
100272147
3622
4589
9651
79641
387266
9086
9189
2176
56942
467
8635
79943
23132
653689
8738
23245
9452
55285
53832
79731
284433
80759
79637
35
140851
3632
8569
29104
125113
9778
8128
347344
23251
23476
9439
55213
23168
26539
135948
55503
9361
130074
2938
8576
5923
26189
80131
54875
54972
389524
10753
23353
90011
8481
29100
5409
57113
9063
4931
7324
51652
728378
9173
54784
445372
25776
7409
147912
1564
9495
10663
7571
8883
2232
221154
757
4043
728269
5713
9912
26984
552900
6286
56656
9390
51084
3643
6866
54623
64582
3623
79867
79894
64167
63933
9976
23673
7142
7936
23285
8269
4351
6638
56521
4259
1370
79366
84163
26007
1849
7016
4694
8092
6643
8567
26354
63894
10775
56890
6119
54796
6098
3562
28973
9093
5696
51003
26472
284541
201191
5704
23412
51696
439
9538
79698
57821
3781
976
8581
55013
2879
79066
10897
2812
9024
80317
3299
55321
162632
375056
63904
51555
84296
10285
51626
57107
2958
4331
65109
10992
54959
1945
9609
3795
8749
6354
64960
51326
49856
215
81606
6726
654483
5157
2620
645
8444
23624
57101
55325
7415
23466
50613
9081
10954
285282
10302
29093
1289
55803
54454
389206
54906
9531
7692
5935
64769
4794
83461
5538
9682
84981
9167
78995
4898
5437
5859
51763
10850
50839
56548
55343
78994
478
316
1154
90480
10139
360132
10827
1361
55246
5435
11237
2346
29760
4332
5875
7294
6326
50940
55784
133
6698
5585
51226
1565
23293
10519
440738
2556
5095
2862
56965
29803
645745
7748
84804
11284
55211
4151
100190938
27044
26233
2210
9915
9124
8525
2220
60343
5939
2021
79414
140870
7979
11169
9929
246243
259217
9098
940
56255
6294
1814
80185
57124
1954
10467
56138
124222
149603
1723
4728
51493
56906
54793
442862
7314
55176
151313
7155
23384
55090
653781
779
58985
1515
79446
64135
10014
23460
653226
3931
6947
542767
6372
2693
127703
201514
84832
80000
2562
7695
23046
23379
2936
2584
79135
57017
10102
79774
57096
2624
5864
9943
79006
3029
5276
51186
64084
7850
2118
3575
5368
5892
10675
29118
150
10320
11328
656
27037
79883
6520
440050
51562
1880
6176
1964
11064
8851
135138
79783
9023
8464
79796
147339
1235
64921
63917
26071
30968
10969
79977
22907
4698
1823
79095
1271
28983
404785
9966
8813
55209
57119
27074
64793
7005
11078
1585
147657
8836
11337
81894
56269
79586
51460
117854
55831
23788
79147
2132
55888
51021
1838
57084
8863
9720
22854
4515
58494
79899
7223
23708
23025
50508
55617
5695
79109
90233
10220
51224
55277
4947
29959
56287
7288
55778
4308
5971
55505
9997
64388
1594
51071
442865
2784
11315
9514
8708
2242
2863
51127
57820
8491
80705
8409
8792
3754
4707
3297
23233
80021
5122
26750
3592
4656
3074
164656
5480
26277
1482
11072
2567
79713
2495
51171
8110
10868
4957
11283
64137
22953
4069
3064
319
80758
9154
54539
80347
8484
23349
50514
56946
55222
9266
6504
2218
785
760
752014
6390
5457
6278
205
29114
11182
51506
51363
55509
90333
81669
51005
10574
6658
741
11247
51435
8607
8603
8811
51019
79763
7453
9899
10902
3741
25852
7252
9775
2888
306
2825
59272
2990
130916
23424
83641
1429
3120
10941
1351
11254
4946
10726
79154
6128
6184
5711
6039
50835
79917
3687
79823
3909
10538
7441
6611
27229
3641
1907
57535
3856
10817
837
8926
10263
9079
10457
9760
91782
3633
57538
9829
338324
64081
54662
85464
10279
5826
64943
9705
55068
7205
50838
8406
51022
3978
22930
11086
11013
51660
6494
5256
145389
55106
51287
25874
713
11040
9
23090
8800
55683
6476
537
79031
4110
2328
7984
79090
1007
1857
60625
7855
23585
23491
55532
54737
10124
1539
6424
1525
7443
10528
6629
23259
8443
9933
6322
56993
3049
5707
11047
65057
9986
6612
494514
54069
84656
86
222962
8908
11340
26094
84313
493911
29080
8874
9703
8672
23351
118
9647
131076
83596
8864
23223
10283
29880
2976
55749
64976
7458
7337
55245
85407
10844
89941
14
116138
56905
84928
9191
57693
147111
84108
57680
11054
56052
5106
26297
83986
116225
55743
23327
51264
80224
56945
64326
7316
5566
5160
140710
23401
55023
1290
127262
4921
10020
10085
151636
57606
11234
92999
6785
961
84078
246126
142
154007
149371
80310
389432
64759
158158
64224
25780
7874
1184
79993
55703
91057
10892
195828
7182
64327
114791
26002
3652
55173
64839
51566
5274
2289
7750
51592
51735
2803
7257
6399
6197
255252
727936
23385
112609
23077
10730
63934
643253
1783
55304
148534
9765
23230
1983
5825
5316
5814
10149
26053
134957
22920
80208
84914
29940
79598
79269
9037
25827
401548
9581
23365
23200
1317
1739
5337
79699
55015
91452
55205
23335
5737
51105
22995
56681
9805
65267
9748
55839
219988
64132
4708
4943
10239
261729
9857
26269
387763
54910
144577
90378
23500
79143
57695
10501
25925
6874
222255
1808
4281
206358
22889
123879
2551
57092
10236
7581
7562
7326
59286
2549
3316
6730
6134
65260
6232
54931
6124
79050
1937
80789
10240
6136
65008
6157
30836
57418
11056
55140
55113
2339
84233
5110
10180
84897
26515
7178
51204
6133
203068
64146
8260
6810
91289
25949
56943
23160
55004
23195
8239
56260
57701
10286
4704
10885
84916
84294
51428
6449
140801
22868
79568
5356
6731
9689
1738
9238
29890
51397
3313
293
1207
55178
11222
1915
25926
5905
6125
10768
23332
9669
23382
84790
8372
6187
51115
166378
124454
10693
1312
81892
29103
23141
55929
11198
10987
7265
64432
6175
5518
84926
25879
7818
5195
3419
23644
29078
83939
1938
6206
29883
10171
54949
51067
11128
11261
84272
388753
10808
10130
10131
64794
26995
60528
55127
6137
10939
53918
57050
55143
6156
25902
541578
57647
5701
9147
92399
26073
6230
55830
6122
8667
55646
6144
9136
3320
55341
8086
51649
4141
6728
790955
55677
5817
3921
57466
64149
8573
9045
387522
6160
384
10963
51194
6189
22950
219927
389541
22944
9533
60488
2617
4666
9406
3376
10712
8760
9878
23201
56970
8788
7080
6528
7038
8904
9184
23061
9456
57148
116115
3670
91750
140883
84340
55011
8812
25885
4350
54555
152100
199953
55
57510
2935
9468
28969
1737
55278
55153
6672
54780
80227
57129
8449
9040
84293
9898
738
114034
26024
1349
129401
65083
7993
29780
51537
1729
8891
1107
1059
353
2998
80346
55471
23192
8021
10845
25909
5000
65263
2022
55572
201161
4285
55794
117159
27341
11157
128869
8454
64786
92345
57470
51095
6697
8604
57095
30844
9061
5130
55114
127700
140885
5744
949
7039
2194
6188
9455
26151
3420
79927
146923
6228
124245
5528
112812
30011
10928
51112
84726
4637
8532
51117
4508
6626
144097
83443
22941
64645
6234
55615
389362
55234
6513
1653
9668
3182
6202
83590
4054
6165
126133
80206
6130
54849
6217
10531
9711
150274
54596
81285
10985
285550
11276
2529
11176
6899
83860
7175
11224
471
9380
10867
6143
4540
125893
902
55486
7295
4519
2737
5550
498
5423
6500
119
4191
55755
171568
4512
6193
7529
11316
55746
522
10907
7416
29965
11285
112942
7148
64852
552889
339983
1743
9731
9611
10204
22928
1781
3631
1123
7317
6749
10658
6117
553115
124637
50488
8871
11051
3054
6204
3843
341277
1639
23193
1746
22870
55588
119016
6203
80727
55526
10921
4725
3837
10072
7384
27443
56146
6397
10533
4535
150465
26065
4514
162966
9962
51545
7844
1340
254863
4536
22847
3227
8914
1822
51142
375
1777
55729
47
84934
79613
58496
9704
26133
7311
64397
130540
84247
10174
162605
10321
54936
57661
56005
1911
80207
10825
10847
25996
987
192683
25764
57679
26103
222236
8242
10856
9746
10055
7283
57592
9416
51272
6046
56957
23235
79706
4831
201232
10549
5705
9650
29850
10575
83985
7319
642
3735
2747
23523
155038
51360
91298
5690
113178
9096
6311
57446
23361
3710
9777
2068
54439
1962
55684
8241
5211
85379
6173
56672
9923
431705
219
26353
375484
24148
84836
285643
23357
11135
58485
54676
1163
2869
6448
54808
2547
84268
283455
58492
22909
4720
132158
6452
271
64376
6461
7539
1152
374882
6888
6154
5827
7027
821
64788
328
4848
7407
80139
129049
9739
85451
5709
6389
55527
6483
4537
57819
5089
284361
2288
84331
79777
57221
9277
11021
57226
9500
55810
116092
6535
66008
81875
23473
85474
7555
80025
9921
29889
23601
7693
23264
8467
8562
55266
9276
55665
11164
89853
29789
10023
51255
9786
30
27336
10615
23086
7341
57620
9807
6575
51020
80124
161436
4267
4061
150223
56941
4541
10219
2029
7290
79762
25962
150275
80781
22828
408050
144404
51096
29902
8479
10155
23521
2149
27309
9217
728642
9811
26146
10657
6146
27018
25970
91608
2972
83637
84285
57585
57703
79784
202333
51042
60684
23020
9967
521
144233
6897
9747
29
57828
83445
100529141
6305
23495
64319
25875
120071
6903
30850
149041
4160
3312
55658
27107
729533
51202
54664
26173
26001
339263
132946
9427
6147
292
84749
7345
22980
9099
23627
85313
8527
1476
5546
388677
1984
57189
5250
7727
10284
539
9791
6882
4299
284349
152189
440400
51368
10367
1952
51181
26262
5127
27106
26589
90313
6142
54899
11022
23250
29924
200576
56270
8427
2618
80895
51755
51225
80233
147040
2665
114928
84286
83541
3094
8471
24149
3183
55095
65982
26038
79144
51440
10172
3237
10728
7711
10555
8079
644150
4123
23295
4037
6208
51307
4836
51522
399664
673
3903
27429
55323
54620
83746
55957
1855
27109
27433
114826
132160
2671
10056
4985
23019
1663
613
6141
65123
318
146059
143458
7988
7249
79707
8220
10743
6167
55624
116969
66004
2931
9203
644815
7102
65003
5710
387521
6621
51343
340719
57479
161424
81502
25824
284069
2023
51586
29903
5903
23381
137392
60686
51699
4897
64744
3185
5511
79064
23613
517
5223
51
4538
11070
57149
57704
130589
11188
10296
6132
6210
10443
10458
79033
8664
5886
11338
54476
8925
8318
6522
57696
54797
92342
388228
9282
10594
55969
256714
79848
6181
10715
81567
112858
79036
4714
26100
8216
6135
4249
10540
54939
9909
7770
152518
6223
10567
388951
441531
9722
547
10552
644591
64981
85021
25980
4680
29109
25977
90362
2166
23236
55970
9232
23510
11236
51128
57801
29886
4034
54531
6729
2962
133522
64324
5076
57464
4736
11142
26000
9587
162979
29916
7352
25771
23253
5198
51114
572
58499
117283
112755
55958
55651
5589
117246
409
7286
23398
10196
93426
2241
23244
8641
9666
22807
6166
23362
3203
282996
51195
54970
10262
23246
80135
4869
3133
27030
7568
25819
1793
357
79776
387856
6453
27153
23542
84059
57504
1543
22826
55201
1513
6633
26168
51075
50485
146330
9278
2909
2067
84303
55954
54921
51222
285367
9869
6850
84833
390927
23326
6741
6168
4628
80169
9509
442582
875
155435
50861
81928
115509
9275
10975
6297
7799
55054
3797
3945
126767
10742
7419
51295
158511
4849
5694
116236
127833
64175
2197
80319
8153
6231
64386
79012
92421
5881
2224
2585
7224
7390
9168
381
339344
2026
6323
79719
197258
51710
25758
100271715
91893
11011
25891
1660
84220
26508
708
25917
23464
9724
151827
2746
55917
22937
835
9130
22879
26286
7391
54540
339123
8031
22827
1762
374666
9742
2806
158
5719
4795
873
26061
1936
55738
131616
26528
9922
85457
51163
25871
81857
9710
1769
64429
80217
4539
7019
51260
79142
57337
23165
10564
284565
2961
10450
10524
23308
11165
147184
51808
81614
23089
4217
6161
23612
8178
4718
51603
3189
8720
1186
51575
1748
171425
56261
55506
57482
203
79882
56926
79035
9453
25804
115708
2805
26164
2717
339175
51253
57597
23387
22993
5046
9968
23145
8473
4696
3938
124512
22864
10446
64598
3547
54458
25820
339184
1191
5714
56623
65220
2196
2653
23395
11218
23597
10943
9702
51121
64430
55715
56990
64978
84932
54896
2870
6585
83989
57461
56931
23341
6222
51321
3705
5987
527
8437
23221
26017
9990
91409
439921
64979
79081
6950
23108
9670
28985
84314
286451
29068
6396
9159
9200
220441
22808
6830
54487
116988
51015
84343
84221
55111
133957
9372
5580
7284
9310
9679
8131
6944
10482
23094
79004
9491
284612
6185
51645
92715
64926
2889
10144
64320
55578
9527
55154
138050
23144
23400
4796
8550
63905
7705
57611
11094
6218
170261
286262
11118
53343
25873
10694
8526
1802
5306
25839
84197
84861
9092
22880
162494
163859
11091
514
9552
8888
6150
4705
56829
1759
10059
54890
84334
116541
25844
26086
116412
9141
196463
819
3106
54974
4077
10556
55863
91689
3679
6908
23155
54543
23383
64718
6129
5094
51564
118813
126374
29967
9723
10081
4706
399909
28976
162073
51750
11099
4116
29964
27164
10189
10650
221935
64400
94239
140461
10687
9620
131870
126129
54535
23451
91445
144717
30812
9375
8516
23140
92170
11190
360
6746
11060
54498
84626
7327
26993
255104
8482
1797
5261
10471
1537
144699
54344
55238
4968
5310
2801
9394
90956
64374
114823
9546
5303
92799
93974
8106
23152
57662
25792
4719
474170
8568
147808
10869
64110
9618
253725
339448
8725
90139
283316
1347
10207
340527
57463
346517
54148
9290
7389
84277
116540
51329
79934
165918
28955
6883
2937
3104
23536
57492
8831
6191
2876
55699
64098
24147
84720
10432
55847
84267
92002
81579
10260
5691
291
5688
157697
220064
55346
6838
7975
123876
143187
389384
51293
8193
57715
6818
79183
8503
27032
161931
55164
128178
55799
9183
57685
79590
118738
55709
94107
29888
84461
23187
5928
9592
617
116985
84669
4709
79714
55152
10755
23008
126299
64745
4221
114822
5798
8500
27158
6152
8824
9617
80700
5230
113235
23139
254013
338692
2822
5578
54883
63892
84548
7158
54874
9659
64848
118472
9044
55593
53829
730051
92806
2193
6478
653319
10614
9937
4493
642612
10901
51029
79184
27245
54938
79781
10499
81490
10445
83759
64983
51347
9046
1350
26121
2098
27339
79034
4548
27246
80764
4726
103910
64755
79023
85369
25966
115703
51540
221150
593
441478
100170841
401505
22974
84080
29998
883
6341
84275
7551
60678
501
28960
2542
147166
2011
84320
55027
400916
116843
219293
252969
58491
23600
115024
171023
23099
29954
219417
7280
51314
6940
51637
57799
399818
149076
6229
64434
5297
285636
84182
2055
55798
3107
8501
64760
11034
133686
2005
80222
129138
7675
84993
5890
23274
23210
3059
6941
55268
64236
23505
51406
10328
9604
64753
285761
57505
64771
57455
59
85359
65056
2794
79161
54962
4528
51728
3188
84878
23180
10188
51065
84232
56850
114803
4723
55230
6835
148
25798
51079
80199
9827
7520
154810
93436
114049
55184
54496
84301
90324
144348
9730
79918
5373
51150
3300
201164
54542
2893
117177
2968
91012
9727
81558
25825
11282
58478
51322
79692
64837
3613
7011
26022
6793
211
221785
55702
56997
84231
9382
9377
1949
6573
9973
340348
93650
6048
51512
57523
1774
10147
163087
3692
91252
440574
5300
80097
65110
126282
9941
4952
80228
79038
145482
145501
3295
84271
23031
23053
3913
143941
1106
79169
881
22996
25957
54882
60592
541468
7381
54927
4885
57650
2107
5082
26999
2731
55168
283358
6256
6905
5976
57666
5184
25799
23334
8802
150297
107
79810
55691
7226
116372
51308
4291
55117
144453
8412
80344
10134
5684
55689
353323
29796
221458
147015
84446
78996
79797
63906
11216
55626
26123
285148
5981
8911
23092
64421
22931
146862
10148
23588
84081
79600
51009
8886
54920
7879
163933
5685
4832
6934
5064
144811
23176
58505
54187
25920
653784
2091
23511
445
7373
55690
26012
57026
4201
81570
10865
10476
55160
10208
576
92305
1407
9853
79902
91663
3755
5395
51588
9371
5912
29115
64928
10600
170954
201134
55006
84775
5467
27128
3257
9148
55823
148206
222256
55871
23336
93611
6164
5092
390205
136647
81488
6748
414
54998
255189
10922
653583
9016
8209
80195
4140
2324
5307
666
2686
79647
54984
57335
54915
148137
3566
7862
22990
3015
90231
113451
52
6993
151903
92714
155061
221037
90321
9158
1463
51335
79672
10463
80264
146050
51013
2355
54840
2248
79621
51160
10300
22897
51473
682
115557
51374
56341
9353
5515
3866
163227
1933
254065
147007
83884
57614
8187
131474
136259
80746
57555
339201
23331
23527
200765
63027
388552
6812
79874
9733
84144
23237
9633
58509
220992
54556
85406
10717
9726
55783
53635
9101
84186
56900
64924
115196
26284
64901
283643
10082
5521
100129583
5687
83696
79684
440590
54987
56654
57599
55125
388115
10469
8859
54856
5495
399967
79019
57223
113278
8776
118788
27249
387914
55280
91433
29072
9543
246175
55731
3155
51123
11143
26263
9842
55659
256471
177
134353
83699
1997
223117
83987
53981
51172
55206
340351
3850
10494
64762
23256
10116
92104
84311
54455
84524
25961
84759
1209
4701
25759
51132
6227
116461
3707
9080
8834
137075
84342
145264
1795
57575
153527
5896
6767
80117
79656
9410
9847
3163
816
112483
2901
80011
147011
9694
1725
7737
10477
10063
6613
146198
389072
51340
151194
123283
7325
2983
29937
7634
80728
196051
7761
4695
54914
9754
6051
57600
9984
55768
9658
345222
9758
27147
112937
2941
54958
4254
9440
55592
339231
57147
5930
27324
79831
661
55051
6002
54058
1478
55604
92822
8379
65998
5042
55203
285268
51177
10179
7025
114299
2700
1454
57515
23363
55226
65062
10109
10437
116840
51734
27333
56848
283638
5190
6942
27316
150737
56103
6415
26267
129080
9551
91607
5066
5609
10434
259282
23421
2629
27291
90161
84190
126526
152503
257407
124997
84281
23373
10322
284459
9812
57150
9859
84946
9640
79677
114787
29966
6050
10535
2195
374378
81545
5689
81566
54516
84961
252839
10529
509
55014
25903
2140
8862
55331
55860
4660
6233
51385
2781
148304
57521
1508
84321
26287
6654
348093
84058
57537
114790
10213
9936
284613
4809
83638
55661
166379
11275
9133
55317
51390
4354
51097
1535
201595
23759
84937
285966
389668
11154
22850
4067
9924
400720
7156
57570
6792
51218
200312
9900
6499
26586
51247
51341
56252
9054
55249
10899
7690
90417
9091
26256
123207
79728
51602
8704
5824
9600
89891
51466
5189
80152
84299
10497
25927
143872
84100
79809
401265
22901
6207
6482
100124696
80013
5151
23596
54802
63943
54951
66000
1378
57591
81027
7347
6433
5429
7216
348793
57623
124936
89845
11161
573
378708
55751
2117
81689
57795
55975
112487
205327
8898
728294
5911
2271
123355
147
23208
187
2528
1730
55714
5532
9776
132949
55716
115948
270
56683
653437
54946
1285
8780
89857
59269
79864
148932
6462
2774
515
1742
57622
23420
8237
9570
22997
9094
27304
51389
96764
9013
23258
10454
81932
55167
10363
56160
57556
11280
54902
25953
23440
3364
4247
440515
5547
79759
645843
54977
163131
161725
55190
389898
55330
10513
25930
27072
265
81472
23038
51094
728489
51678
4440
64863
64426
284382
729967
84900
23024
151449
1288
84273
5702
9378
4036
4825
55734
57711
51318
284252
10478
8045
146909
6457
23318
4676
5147
51069
342371
5125
85395
51463
1280
22895
80851
51187
151195
8848
79176
129531
246213
340277
83452
55827
79768
116832
6281
51012
25972
11017
51529
56984
286148
5686
51091
94101
143244
79644
134492
123803
137886
157983
23598
25821
10960
130367
123720
4633
5032
1877
55020
25915
79725
7546
29066
3704
92211
55147
392862
90204
9175
283871
55435
3177
79842
200205
1613
64777
3386
55182
9412
23218
8881
89882
154881
285605
2644
1890
81890
92906
84253
113510
51185
653519
84444
146540
11201
63932
648791
11267
84284
65005
147179
64853
285521
2108
55930
83732
8446
6809
9978
81793
1327
5213
9955
9885
112817
23765
56925
23294
2788
10577
23125
27350
139562
91461
284001
8655
84262
1159
55681
134218
23301
79833
79739
200186
9064
4200
84269
257218
130502
2878
84895
9895
219899
162989
10591
26160
115361
60626
3043
81544
401250
26037
57333
51690
6635
10498
91875
8975
80313
56975
2048
84337
25979
79786
65250
2079
115106
91368
118460
55319
93100
138311
11133
8976
474384
5108
6192
56915
27344
54536
147686
2192
22852
23071
6668
85364
197320
79165
55253
51258
57325
7273
57724
57827
125058
55180
9352
51061
253650
340061
60682
79230
1510
91120
3373
5830
125336
51030
29801
339487
10299
5164
197342
257236
3145
80045
8732
5692
9751
5902
2730
55670
80271
221496
6355
124402
60493
81037
23587
144132
84662
55293
2275
128240
5264
113878
55142
55422
79091
23284
54852
94103
81550
54707
5802
11193
149175
55110
23001
83463
116983
9215
134145
421
6919
79770
2925
9127
51300
3275
374655
3232
3212
728661
81559
23645
10965
25914
79953
1069
64968
394263
867
83933
142940
79736
23142
643155
644
114327
6567
79658
84529
1373
6821
81847
284307
253959
84069
5251
26054
285016
8711
146857
131149
132
23658
137797
54554
150726
64131
3788
6549
51706
27112
163049
1861
144363
114783
26469
26279
8517
51585
54529
54867
23520
545
28990
11163
1896
100131378
401541
9789
79903
348235
57414
79868
131669
9360
51599
51227
10169
342909
55634
84798
653404
341116
51241
254552
643836
6693
57546
9686
5504
84276
84987
51503
162998
1016
7132
1555
205564
337882
3950
22938
83640
10073
692312
353324
374946
9635
11194
283659
284371
4081
631
80772
57727
91133
84240
131408
57562
79058
55094
54853
51203
273
246269
55074
5587
1544
26051
113655
338879
55861
80143
222553
79068
41
10243
443
55254
151531
2814
29088
27293
220965
85363
53339
55001
158358
60560
85026
8227
84938
314
84811
2081
56181
84502
23066
85019
64766
63935
22888
79989
3214
120227
145741
131965
131544
339324
27034
57117
399726
8578
84936
400569
84844
3142
94039
64093
387104
653505
116154
51078
4329
90423
60561
121601
64223
9716
23746
91464
6775
11059
1307
27122
6586
216
3248
3292
9474
920
128209
652
136991
5734
5948
399
6886
