3091
7852
1581
6776
10125
1786
94241
4322
5978
999
4916
6622
9112
2896
2138
2064
864
1812
4282
9839
5887
7465
7227
10150
51621
596
1385
330
2917
182
30008
23621
9429
2735
387
7043
9759
56998
50509
1284
1277
861
8091
3159
9134
894
2237
1019
890
9212
4609
1870
4208
3925
4005
1027
10018
6648
4312
90427
2146
3205
9537
5292
3198
53834
5893
993
84305
7466
56889
57142
6201
8985
5161
64151
79139
10409
9338
595
1869
659
4233
4211
3206
10381
648
5782
1749
3280
10099
90
6702
6280
3852
1871
1021
3845
51701
2627
1045
57169
6346
7107
64859
4863
7525
983
898
89780
4602
23118
3135
60436
3075
3656
664
688
6657
9314
6935
998
10021
7351
3855
23411
161742
10769
658
1978
6662
627
3480
6722
5324
83737
351
4613
6310
5347
50804
1025
1050
4205
2626
208
4582
2309
4204
6667
51147
7097
5655
8651
4646
2956
4436
4292
28511
1582
1278
4171
1947
3716
5520
26524
50650
9475
389
6774
5728
51719
6608
7157
92
1026
8434
6772
5465
3635
7078
8772
5452
604
2113
899
1111
26523
22926
54443
8556
9493
5879
4854
3371
5058
51684
10253
865
5530
9685
7046
2099
3717
3690
301
7189
3654
1788
1028
7422
8314
8487
3667
79668
1875
995
857
51209
5159
9908
5100
27314
2114
10001
3726
10644
85414
10121
7167
27250
23011
7490
55252
26175
22900
8555
55835
80254
1389
55862
9950
55204
2965
3021
57531
84064
55008
10247
84263
3303
3725
4170
115209
64172
10015
5257
5378
5411
5557
5889
55288
6041
10559
51000
7072
7358
7360
84527
1281
896
6093
7405
1789
3202
6660
4507
5998
10043
55070
4090
3097
22834
7547
5800
10419
960
5494
6647
1024
990
3976
3218
571
27086
1942
9688
23107
10682
3914
1641
5649
1326
3720
599
2308
494115
23492
388
6418
695
9935
5311
4035
4306
1499
118471
50943
2331
7048
5901
7421
2885
83871
775
610
324
7045
5245
2353
9208
4082
5916
997
9871
7471
8313
10971
57590
81622
29128
7170
7169
7168
7057
23345
8636
58533
79751
6576
83442
94081
11196
29901
91869
11137
5792
201562
51495
5757
58155
5725
10942
5479
23649
8301
9260
8829
4853
10797
9902
4343
56262
2147
3691
128239
2820
51125
64841
2580
10919
79813
1956
3337
1075
1465
1371
23603
8161
64866
55832
140707
594
535
9070
196528
8289
8943
8546
302
290
10541
375790
79814
83440
83451
90441
90522
10490
84135
9354
7335
27338
25828
10953
8744
79188
79073
58477
6734
8878
10558
6541
92745
81539
9123
6558
8036
5270
10802
5917
5813
5743
29968
5527
10105
23761
90102
24145
5049
4883
8774
55052
10962
4298
11313
7798
3915
3839
3783
3673
79711
3482
7866
3475
3162
3304
10542
23438
3035
2948
57678
54552
2673
85476
51809
64778
2247
1977
11080
26973
51654
781
771
79065
29907
402
396
159
53
55347
10061
9341
51465
7296
51060
9319
22954
23471
8797
6902
4070
6856
23224
9342
4086
7779
23677
6386
9522
6009
23186
5955
26064
5870
5878
5874
51715
5795
5584
11230
5536
5493
56655
54107
5420
23129
5586
1912
10611
5139
4907
4677
4643
4651
124540
9019
158747
64757
25840
54742
4023
23376
83693
51144
10672
114793
3992
1829
29952
131118
79665
1595
8450
9076
10036
1051
80279
27154
10282
528
64422
221079
285598
23647
27236
51479
347902
23339
7368
7298
283237
55621
23670
51616
283377
60559
8773
81034
29957
10165
6509
57410
10557
391
157506
9904
7837
5510
9883
5432
5425
10857
64359
4734
4552
51650
64951
79922
92935
10642
24138
2997
84705
134266
9289
79760
22862
84191
54491
9415
54935
11266
1832
80005
90957
1453
29099
27243
54901
10423
23589
822
10241
9296
83858
64682
10270
80755
26281
6566
7272
28514
6844
9057
3491
7846
4851
65986
4661
6387
3815
10114
29116
7402
11167
905
53346
9782
23641
79960
29766
6788
5315
55225
84061
8801
6836
60481
79602
136319
5925
2819
9464
3479
7114
285590
22934
71
4771
4893
5631
130557
399979
675
672
6996
6678
1306
1282
2597
4884
27254
639
4091
23261
192669
3215
285242
3759
2697
842
4286
112
655
185
1719
3236
1944
131405
3169
8856
4781
7042
6421
26135
51726
51014
5309
8879
119504
1054
578
605
6671
6670
6102
23678
117247
317
113263
9655
27244
7832
10447
355
10461
5799
6659
3351
1073
1444
1393
1876
2631
54978
100133941
9818
4603
59349
9709
51631
4001
23608
79443
9308
2635
284996
7126
8676
128486
29899
1063
11334
51141
51228
5970
9055
11177
219333
51199
55357
7023
28978
6789
7769
51182
91749
79085
51759
100507436
221656
80306
8754
123016
11244
1677
23650
54956
10095
2070
6894
10459
10146
8895
26503
1718
93973
4627
2000
93487
83879
121260
2040
9107
10622
653145
114882
10950
84196
754
5236
1545
10040
4782
6259
1490
22856
2790
64396
1432
10783
4124
10106
26258
55635
11104
6584
83593
27242
1635
966
10553
223
6744
91754
9060
84079
27301
2934
148867
23593
57491
116254
5269
1856
196
5355
1500
171177
10449
4833
29969
1785
10424
54537
84327
2683
10198
29083
50848
2773
253512
27230
26147
125476
2054
9321
7094
23075
9138
64834
8826
51099
57140
8677
7003
283635
115548
64764
204
57217
3032
55227
117581
10053
6591
9144
9414
64215
55536
53358
29956
9516
58190
8763
3688
9422
6936
4942
1182
5440
54566
1665
54585
377
114881
8358
63898
23321
64857
11158
23214
372
2199
55041
558
57645
10904
10608
57698
27436
55276
27095
157247
2643
5268
147463
55775
7171
57580
51444
8407
50515
11159
55327
6385
9910
10487
1655
220963
23370
22876
51497
54467
3927
89781
10090
22841
326626
23531
81831
132789
92370
4580
103
378
127933
10634
117584
678
57048
65981
123228
4772
4811
3753
3784
2065
3204
3234
3224
3918
9988
9575
2539
473
1398
6863
900
7786
4209
3678
25
2891
7447
55585
4857
4130
153090
10472
7099
2959
287
84901
9583
311
226
51560
80223
4684
55833
9095
65985
1844
477
5600
65991
10000
7165
55568
92579
10947
22887
23657
10221
112399
9253
6868
5770
5034
29979
9792
81929
58526
266727
57462
23479
3200
23171
201627
132864
8558
23457
10951
7503
3842
23347
375743
25836
57534
25831
2004
23576
23122
80205
286410
91
4790
4363
55553
4855
10746
472
1959
3708
5604
8554
2260
81873
5921
1173
4817
2354
23054
3636
5469
5601
2771
8019
51271
11124
6194
7329
80381
57761
3172
54541
665
29110
27123
58487
8315
11274
10425
27113
10042
6768
958
3397
2261
2252
9641
4215
192670
526
113251
1266
2066
4929
6624
4212
5781
836
3381
632
860
2033
6423
22943
4223
5629
10809
5581
19
4779
4097
25778
150864
1994
6285
3614
79727
8743
5598
3065
55869
9411
5218
54545
4860
126731
63929
79850
84951
23446
51098
140809
367
4089
8660
84333
149420
51035
51268
5888
5194
9362
11180
8714
8615
55900
55294
3551
2200
23097
389421
8992
146223
56674
54502
54964
79794
51447
57472
57542
3796
5458
7456
11311
7184
8935
221294
388650
339804
159091
114825
55028
201973
60526
54969
79815
54482
23705
9761
25829
5296
7392
9969
4361
7507
29126
9743
4774
8669
133015
93081
90488
124930
2335
1445
57018
4513
3958
3329
3308
5594
207
5599
8539
7015
10772
2872
5468
5747
7412
2201
5036
6401
3383
2752
9295
5894
51742
64114
10848
8493
7528
6564
2589
2120
947
51232
10970
9337
829
5217
10197
57574
5339
140739
23512
8726
1523
586
81628
80155
5295
3696
4111
4105
4102
4101
55922
7414
9219
23478
25805
1192
4953
1650
1958
10342
1654
54521
4017
57498
580
5934
5862
8452
4214
64065
8140
30849
26511
10227
10438
10507
23637
10351
57205
4478
11160
2890
6314
6240
956
8706
214
8417
11156
54093
5138
10142
55556
8498
342096
6875
6257
3184
8511
29894
1801
9364
131566
10551
10025
3150
25865
51477
3831
7259
1388
7840
5936
4038
1809
2521
3249
30846
8870
6642
2804
7728
51214
51230
1066
26003
5989
2592
1540
7071
7372
7757
6787
9473
3554
5576
56898
94009
953
2342
2687
57165
7264
8837
54961
78987
10695
2063
919
7013
9993
3590
27124
9479
3217
8626
6688
1017
6347
598
7050
5328
10810
3606
8202
4784
115426
8850
55437
7082
3190
23405
7430
5027
3070
1029
80034
7067
8600
57509
5914
6497
5708
4194
6427
1591
3576
80312
1493
51167
818
9559
55872
1906
7494
808
51306
8243
51673
3265
5915
2313
6426
136
8682
9252
4891
8678
8115
4735
79969
3481
51277
1973
5564
79791
3662
1374
405
7037
4864
81552
112939
2908
1831
5818
65266
2100
79412
6696
121340
1435
2903
1676
5625
846
5525
904
57616
3456
7101
23414
7538
6615
10280
1108
6881
6351
5077
4335
8945
780
2932
5653
64061
8742
7484
1387
100137049
79905
3552
55038
81876
1399
10391
140453
6059
7431
64754
1612
3399
4437
114609
6817
55591
27327
26010
1965
5093
3757
5424
8317
8065
9231
51514
2071
3269
84823
4085
55388
79003
9585
84950
29127
151011
6598
10597
102
220323
84617
55974
4325
22998
23052
3033
25801
56935
286077
151516
55048
54908
9146
5460
8771
55332
55707
25987
113189
64855
56650
219654
26119
369
23189
9588
677
10269
6574
4850
9987
9949
23468
1140
10067
34
5156
57448
4741
1960
5979
8650
10725
221895
3229
23164
5962
10092
7106
7976
140700
169714
9781
10257
22794
25989
26986
57530
84725
113829
114294
6603
87
10254
6400
3790
5471
6159
1161
5663
3459
54619
5326
201626
22873
10395
55916
2882
6745
10413
64412
6241
6790
10160
79974
1827
2969
1820
1756
9021
8683
2012
4773
3586
64332
4076
5756
7776
7462
10914
10938
57162
25948
10151
57181
10135
153222
7091
4670
255520
8795
25963
3417
7095
1105
57282
9497
440026
144402
4154
143888
488
9528
10972
23423
57532
8799
9351
5738
57552
10484
55193
23333
26046
54407
5796
7474
546
8974
84230
9526
117145
245812
3891
6560
138428
5534
51251
54499
10959
5524
55722
345778
6801
90701
88745
5937
1155
7127
6675
85440
4691
4924
9125
9513
56951
160
55660
4144
1514
2483
80335
9391
54892
56267
79077
80267
54480
84317
10195
54622
55700
80018
390916
92667
23076
79017
253714
7916
54953
51573
23085
79829
80305
23378
84188
205428
55972
8624
121457
253558
7716
22908
10238
79956
144501
54863
84270
64210
28987
10908
85465
171017
51490
55037
90550
23557
387338
55717
23041
81542
57674
10979
3192
83787
6238
841
4671
133746
10210
122809
1616
7159
7049
25803
3727
28996
3298
332
4324
10893
9480
8570
9732
10620
3569
255743
7068
5606
51236
8649
28956
64207
9612
4174
959
148022
663
10766
23741
2167
4763
26292
1969
6885
2244
2243
2266
3570
10855
11344
284390
4294
5155
5154
6495
1147
10637
7044
5591
10628
9135
11009
9235
7074
4313
1647
65125
22849
80315
5783
506
7161
4293
4801
6304
114798
10455
5243
8038
56999
22801
6352
745
8324
1033
3835
10016
1611
5778
4318
2877
54332
10587
1909
887
7535
5364
373863
1974
157567
7980
130399
11151
10534
11213
6092
57522
8165
1174
8905
490
329
1000
2921
9695
8321
3037
3589
3553
3556
4074
10982
4653
5327
5329
57403
10966
10955
5054
6938
6925
5933
9590
4087
4296
147906
1843
50628
6477
1839
3680
8835
5443
3358
4128
5997
805
1605
56616
84676
7040
5045
92140
8453
3778
5806
7128
1230
23213
8099
150786
9077
8932
11186
4319
4605
6091
649
56904
116443
80725
10062
570
9615
637
213
3283
6943
6480
89797
63891
1436
253260
8648
8204
7032
89958
4585
9793
10785
3340
8575
5499
1733
8061
2475
5868
84971
2130
9846
6045
55758
1488
9425
3660
4330
5272
57447
1038
5898
7077
6364
9802
122060
5569
5595
29117
79923
2719
6515
55171
4678
3612
3615
1003
55102
331
1452
7707
79618
2263
3791
10891
2538
257144
80328
10401
7408
5727
9780
9788
3099
6857
6804
11221
150209
64112
1948
2050
93
2296
51053
5454
2272
7022
10365
23136
1294
81578
54361
3484
3596
4352
9683
55611
113419
6195
4915
23513
55818
2321
116844
81631
55274
2526
10344
2072
9586
79071
5763
55662
346389
1848
1847
26191
23368
3014
5281
602
8839
1576
390
8125
6597
7386
9994
54206
23216
8694
51552
7791
3659
6434
3485
26207
89795
80760
7026
3488
51162
6517
6595
23314
8320
2044
7248
4193
7076
9444
283
55179
406
858
2001
81671
6890
9242
9048
50855
56288
3597
4792
4303
9817
10123
51024
8431
3611
9738
7532
7291
5562
5529
50964
1588
10217
8900
2239
10516
5293
51455
112398
7124
4521
4288
57154
4908
5567
1236
7052
5294
4739
6546
2254
50863
7187
113452
5290
3213
90627
5908
9306
262
26578
4084
6367
8897
114904
152831
1573
7010
687
83475
22903
2189
10298
8647
10521
4320
4619
4620
4622
80325
3458
6456
5080
4255
1316
92162
387893
1558
5906
2034
2185
2950
2043
3756
2305
7534
6472
1646
356
8519
3621
6649
83660
7428
5037
30062
7764
5366
27161
10752
79084
22919
84458
23549
30009
6783
28951
257397
10140
6714
2322
27201
3398
847
6382
5033
55893
79001
2078
7088
51614
249
5872
6307
5660
23047
8621
9821
9459
3676
3949
23543
1128
4092
3146
3663
60
93643
481
144455
4846
699
4137
120892
5514
5090
1112
5216
468
1457
55695
2170
54879
4152
2395
989
10163
30837
3339
3151
4316
8521
57099
2297
6097
925
4088
10383
4760
7374
10935
3066
3959
4780
83931
10630
6929
5444
2295
5214
3418
1902
4843
79872
54677
4802
1080
8804
4615
28962
2332
63976
1030
84541
8325
360023
23212
9489
121227
6879
79612
10983
84248
23710
84418
29896
51727
10512
199870
9801
166968
9813
54812
9369
51320
6432
221035
7913
84612
9562
65059
9972
377677
167153
58480
6651
26953
120
6782
23731
1386
6867
57688
27125
56894
160760
51278
6342
285172
9344
23119
91694
11016
150468
285704
5780
25936
54994
27335
3987
90075
79018
10212
339500
55320
91775
285672
6880
2649
4179
55706
5433
57700
9218
116224
9652
5931
9928
11140
9322
284325
130507
11149
85458
55740
23131
91304
4520
4711
51571
10370
64768
3400
79691
51119
54386
125228
65244
4756
1477
6443
23522
23389
79101
51109
204851
9712
222658
55737
2290
80055
90806
165324
79441
59338
51104
3572
122830
10640
114908
51111
79572
57459
54495
389677
56256
5577
80854
143686
9673
200424
10818
153339
7263
9880
11079
83932
9870
49854
26960
11215
581
9540
55349
151648
6470
11339
29781
1745
83481
64087
23042
83903
5985
122769
28977
5422
5116
3191
23594
2175
51070
63901
7965
476
11168
7514
8847
79682
53947
29980
3880
10525
3954
6510
9524
11065
55215
9156
4172
8668
9735
4638
80178
151176
253635
113115
55631
10451
22883
7262
150368
80303
115
9767
78991
56910
57473
55733
114991
79837
84722
51176
10154
84913
9088
125950
4791
27065
5984
10403
64965
29995
135293
7083
2706
79980
573971
1894
1854
79652
3326
5929
10226
80817
9267
22872
9920
2178
220134
79000
3832
117178
57402
991
701
283349
27068
55256
25766
9833
29893
23397
55552
55148
100288483
7468
4880
8208
51659
10721
53838
92609
29843
1642
3251
51068
57488
2739
56938
1975
23580
26499
57190
11046
5621
83667
9917
84187
4016
22891
23760
9925
4149
55745
83857
9401
84318
3838
55166
79801
63922
374354
219790
391247
54749
9768
55723
23234
5202
157313
118980
84057
4357
50814
3422
80142
3706
114548
79075
55352
81575
7153
57697
22929
259266
114898
9188
95681
8729
55732
9939
113130
147138
5426
127253
10554
90381
9918
55959
25937
284403
90861
4522
29927
63916
51559
10152
4176
8673
26271
91283
5111
140576
1104
79866
51073
81620
727
90416
9582
10278
4925
29941
10495
93323
3007
9824
25959
10166
133619
79649
23406
7108
84515
5427
25932
63897
57405
147495
159371
2052
56992
10460
55093
359845
11130
64785
221955
5880
10713
2177
1891
145508
8566
51429
84986
641
55071
6646
26157
79888
10376
9700
3156
23095
55161
23623
4668
51773
79710
25901
4175
4173
6235
60401
9889
57224
51366
79693
53371
3770
10776
7328
27252
5789
55914
22884
55697
83439
9770
54453
8462
6464
90592
375061
159090
147687
80823
1717
90007
5516
1656
390980
84919
5305
56271
10659
7485
5608
57551
440145
7994
113402
54880
29079
11004
9797
11044
138151
9698
23211
2101
57826
969
81623
5509
23060
91683
7135
3452
8927
2069
221711
8789
3605
140856
4852
784
1420
10083
56098
83656
3821
402415
4990
387742
1618
333
729408
26531
1780
1776
10765
407042
340206
64101
1811
127579
121274
3425
60685
643136
283471
23416
3820
319089
9313
394
5794
386679
171024
2651
117285
5869
56956
217
283537
7399
1590
7483
729528
8875
29958
4804
122618
255101
55808
284904
23325
6359
83729
84447
114757
93129
140807
642273
138429
6840
55196
134701
27232
94134
23081
353219
57663
12
442186
2638
10842
23530
10633
786
938
1889
201799
54360
10005
85320
11281
55084
8294
434
3714
339105
7869
408
5141
5535
64283
8715
5265
54583
10045
929
90952
57452
57480
6324
157638
55336
9706
901
55279
25841
53353
136895
25833
5071
10493
64184
162394
28661
10277
54756
83417
219793
23581
1139
80339
161753
8747
7477
114038
57194
23268
2159
84465
403314
25943
222865
284161
5210
83716
4920
257160
284040
55565
2172
10723
55777
3274
5596
230
54020
122970
9220
9580
9143
3728
5199
78990
5187
79695
132332
56605
147719
23064
128653
11227
115827
440295
29994
8470
1589
729428
26468
387707
9708
347735
91894
11341
85378
28316
53916
255928
3363
323
64806
80824
55172
391004
58511
25992
286753
56917
1649
84181
51333
9113
64122
84067
57167
11131
221927
4056
23002
80350
8823
3746
4283
84000
21
56987
282786
7432
23556
57699
100526835
10957
115749
9478
57576
346171
23604
3305
27178
284029
51646
10489
56245
3709
64168
9149
4323
116285
3689
8778
170679
9687
27165
283450
54790
56126
2670
283160
54845
50649
284427
342357
58508
51378
2568
2886
9796
11320
51317
9180
51454
51449
9248
23328
4126
8368
8419
6656
221002
9022
2637
3953
642976
28660
8074
254158
6778
59307
4240
5273
55582
8295
64518
92283
10806
56097
346653
170302
54800
1859
9150
23070
23209
4121
6913
27043
203328
84870
8508
5919
5724
7056
7780
3199
400941
3604
23462
55243
140596
57722
79729
118987
733
140456
388325
143662
6469
113091
154091
54932
728458
28822
9849
8988
55904
153572
3207
84441
4861
143570
1181
408263
26115
11122
8408
31
55632
339559
6707
84969
2900
221472
284948
4052
58158
55298
50616
152940
10046
153770
8463
23646
6901
84665
1258
26154
84976
338094
163033
50846
348487
345895
6539
286046
388698
22877
79661
9887
158326
3170
89849
1314
55315
84866
221416
388323
1263
284013
22890
28826
55088
9249
79413
343071
79747
3157
118429
442444
611
729262
286128
3223
22915
6295
55680
11197
140689
56204
129685
744
11228
79726
79026
6038
27197
7030
6422
10568
57460
493
54629
23616
157777
10345
80739
1740
10536
80853
51090
22914
399665
8825
4297
55876
162387
23552
58484
133584
28595
2815
285349
23632
80099
26188
8654
10444
65122
222223
58986
3765
1084
780776
29855
219736
10013
3983
641372
404220
90987
56995
2253
2180
343637
6870
158160
1056
597
442185
9348
354
84101
5837
401494
90273
5176
83548
63970
28965
54823
2350
90655
64377
1375
57198
973
389434
246778
283417
6861
3965
2018
23348
23780
50801
115294
55713
1412
84498
8645
84679
1760
135644
54798
286676
1534
85291
79937
84824
79789
922
8496
284485
57143
9498
7461
7134
27198
6004
3739
54546
64847
388389
7941
80256
3929
1621
51196
25837
5834
387695
9407
933
440193
23461
23043
7092
26266
282973
11214
5239
170591
285313
5900
2119
79628
91584
80177
2906
164832
9867
6490
100033432
18
59277
6339
201294
79660
6536
6319
10804
374786
283579
1840
9572
4762
4689
112802
122525
51617
56203
1300
2977
647024
63893
57561
127343
5507
166336
26246
149685
114804
269
3579
55356
140612
1103
8538
9236
8292
5833
55879
440387
729359
100130717
350
84068
2217
5786
23671
8991
399694
23040
257240
728577
9536
84226
29106
79136
92359
6345
5128
2299
57088
6404
1364
56651
54558
140902
92017
10347
92689
4610
6822
122481
407032
79651
54795
8277
58473
90326
1301
9223
254102
51426
56955
442868
7059
6070
10126
1577
9185
23049
113540
1951
84256
220359
114786
221468
57577
25854
10537
22820
51297
259239
85293
83714
256957
6623
10394
149111
4584
9877
245936
1001
338328
203100
1395
9721
3851
10690
1992
6920
79841
10648
4062
25884
126410
11279
1193
222696
28231
153657
9120
80176
26541
164045
1816
5016
79170
286343
143241
28970
132204
57584
162540
712
3577
100132399
10509
352909
322
56172
170384
202865
147685
59340
26036
6370
1669
3080
8200
124961
6559
7021
8687
26298
5623
4923
7802
5360
286204
56901
154197
1130
84698
150572
54464
5149
203102
5639
142684
9681
9906
84445
28984
8828
83692
5091
81848
128602
3046
127435
128434
390271
57626
7712
151306
7084
375748
159163
22821
81553
94235
85004
400830
79982
1129
165186
144193
202018
27241
284654
81557
6916
23135
154215
54682
8425
326625
63982
93589
3270
11061
1472
83901
56156
23433
256236
650
57467
5730
4917
5286
6369
642938
10800
79843
57191
254228
155051
27092
27330
25809
7363
158584
79670
84171
51361
124912
27121
5972
79648
2181
57030
9755
56914
4995
375593
118490
5446
27022
2669
84103
151742
55089
753
23770
2115
65108
126204
79734
85352
6582
3718
5927
23304
474
6095
161357
387328
5957
5129
56000
23127
57536
353497
64407
8515
56478
56853
253430
29802
9820
5991
158046
266
56121
5023
27319
54816
145858
79094
3932
2041
26595
4145
374973
140469
118461
56106
56344
64922
57639
91526
1185
343450
6358
6641
51233
3567
79716
7267
55790
148156
84624
2103
57822
57216
222183
352999
9227
2864
3904
2981
5582
57864
64091
221421
389874
9083
768217
5414
26576
731
84929
3171
90850
727897
3090
717
23475
147744
653641
7123
939
84910
116071
10089
22846
4066
338322
80221
83659
254272
11120
90527
352954
340075
90865
154442
378108
30814
51348
254263
145407
8476
114781
144809
9663
50651
10612
85480
10916
80183
132671
59352
5540
245802
81615
220972
79369
126353
23417
55643
100130733
158866
166824
146325
2661
353189
54497
84518
2742
57458
2634
10990
387718
326624
57184
3977
135946
4166
2550
89846
22861
4818
219537
57728
114088
51274
1571
2615
257468
255043
55065
7289
79087
5944
23120
286122
57178
10794
79611
3822
60484
1741
94015
63874
6865
9043
8352
11181
3428
1088
5025
10786
9283
10626
55885
132203
7253
4601
130132
10044
26825
9388
11006
146562
388714
389337
54838
57804
9693
118491
3487
7903
219578
56896
124626
23093
376497
1366
150483
729442
140825
9840
89866
2652
22983
94137
23555
55633
11055
56892
221241
132112
29765
54718
1657
6276
83890
151888
8909
5447
8613
154386
6773
4189
8838
11136
2515
9245
23569
23317
80111
10234
83719
4744
85477
140849
1046
22986
6320
2623
7367
22853
119548
56944
85315
23562
11012
8633
7638
157310
146395
116966
278
339761
83872
6262
54538
283897
6855
1404
219990
1504
7587
11322
140625
80336
130612
7552
285190
203062
167227
5791
284756
2206
119180
27181
79820
10311
122773
11211
24
23015
1572
57326
4256
56849
100873781
3713
1296
386672
165904
286101
3539
64094
138009
27151
64241
80108
89832
100533178
115908
57477
442867
9632
30012
26343
25851
26330
90316
645191
84688
142678
282763
5473
6363
10485
1233
8553
55765
114792
170690
503841
57631
774
2057
9181
166863
221044
3988
51332
4248
157285
3993
27076
25928
3284
135892
643641
27134
404093
122616
203447
51130
654346
22982
8082
8302
1427
10346
11024
5463
23630
6872
9862
23753
4685
92291
81871
114569
1411
378949
401562
254122
6328
441061
196477
5593
154661
51661
406970
55558
6036
9875
64077
2861
245972
11005
54039
10022
57605
245909
196913
283310
256309
57732
3933
340542
51754
6526
3955
26030
120935
55282
10870
55809
10666
4967
50512
9601
100128788
554279
143279
54581
23559
55064
10871
3081
5098
285126
25802
255061
9596
4046
100113407
80765
28803
8622
747
55103
9832
388327
11069
23109
6975
94031
4326
6121
410
1291
727851
374569
2256
79585
4862
9881
5053
201243
83657
4926
6956
256646
3565
80162
55760
4938
1381
84071
4301
402665
55016
6590
84569
978
283933
202559
761
3293
28968
8869
55616
9368
89782
51807
728239
10906
9265
56895
10079
26166
8497
26471
149345
619519
432
49860
8722
85397
84795
84689
10924
11081
440836
5741
221395
26112
2543
4664
283212
79875
391267
222584
729230
4647
386685
57583
1048
3638
9605
50853
51148
11026
55281
728118
81792
8793
8399
23592
275
5144
23506
51655
199920
29986
55370
388341
4045
100288797
3108
6620
8993
25999
55175
55902
51339
157680
1469
168544
389860
57595
728621
6721
3268
653489
220164
64746
5863
130
7745
7436
135398
283464
4693
9122
928
127544
181
8997
140876
23558
79957
284836
150962
404217
83444
56243
5502
28981
5959
9026
140686
199713
2920
5371
28673
93082
3693
51286
3347
387509
6720
163688
3003
221481
57513
26740
4588
590
2695
388381
115111
266722
7139
341
26762
7035
2840
388963
667
201158
6003
222643
163479
728130
4886
11057
114990
1946
26525
54739
195814
167826
51062
84162
26137
646023
25894
121599
5063
23303
8790
131540
152098
9033
400966
139818
150350
4761
342527
66035
1636
4994
54760
2913
22802
387755
22843
8609
94234
374899
113730
164284
84707
119395
100129407
168850
2744
1943
4015
9501
54825
50945
4242
56113
1474
10397
416
84922
6712
79570
7827
118426
201895
2121
2222
419
9563
84460
646
430
9892
125050
284099
131873
137362
3426
3672
100131187
255426
79258
1299
28642
6833
375287
5287
54704
406967
2306
83897
6713
7694
5029
4295
2249
415117
3061
79973
140680
90990
51088
59341
50615
763
25998
646962
51054
5650
25812
23275
83539
283208
10562
8312
362
84958
92270
54922
58524
56981
7805
9886
79365
9595
80351
3982
10331
7473
1131
653464
283571
51289
4041
6710
5926
1509
80862
28513
440184
130271
5956
1673
23408
127534
23764
55139
492311
5361
6329
83592
143282
23036
219855
54462
22905
117195
80737
79932
374
201501
80133
2255
55764
23199
1592
4783
84658
55218
123775
9331
146849
3574
92241
79690
1602
386757
3309
2015
1009
3127
8816
2444
339942
140873
2186
60468
9630
140628
387921
10396
5148
83546
79998
96597
6196
51547
6253
100506658
256223
81031
122622
128344
7448
286133
28526
729857
132228
84618
6505
266629
7018
5797
144608
54967
79844
9665
10791
23499
4047
8284
64577
55107
538
90060
1879
54751
169611
23269
26959
3697
3290
23037
54855
57787
2915
253832
57664
143689
4665
286006
51301
57126
57572
55034
8411
140691
84539
84905
5829
2705
55033
285600
55800
25763
124989
23225
767588
149699
1117
3694
51313
84954
440307
84684
4820
139716
6101
6444
92255
5784
54810
80712
27434
54587
154288
8535
274
339451
440270
388403
844
51305
10911
89848
1143
388419
6523
164684
399687
6335
22981
59274
9518
79990
3350
4053
79735
4188
11153
140699
57186
168391
285025
5607
65084
142891
727957
126308
5819
26692
83639
79054
160140
84174
2645
5002
644809
9911
84952
113026
1521
51302
131
10599
1081
157724
794
55515
79639
54829
8777
2137
79877
80149
51043
93664
729431
8435
7173
3538
11067
284194
125206
135935
55150
6527
57705
93627
3053
84941
9420
1287
100271927
54885
1731
83661
951
53836
79935
126695
10875
146434
23030
23526
79156
5178
406908
8499
131034
6910
577
551
11238
84735
57097
9334
26011
5947
65988
144100
159686
2703
55769
57687
131368
400709
29895
117166
84842
51676
64900
283461
1470
7096
139378
3625
51315
9625
579
3911
3211
92304
89872
29767
22829
84557
79683
64773
5627
10841
629
90187
153733
56114
2574
79679
9197
338323
3823
23355
710
100499483
163590
161176
54830
387119
4143
2793
1601
160622
100329135
81846
54345
414918
89953
6532
10384
2165
6096
56927
57648
8822
2357
724087
5652
272
7220
81603
277
163404
55741
6853
7480
51478
716
129446
83447
10803
10019
161291
9672
57146
375704
123920
152789
9762
7164
23415
81501
9256
128821
7629
5333
3669
6706
113
5166
5611
133923
56886
3375
1363
55086
55655
56253
8572
2857
55753
55890
3164
49
10098
51760
57654
53373
196951
948
23175
165631
644739
5922
952
27239
9980
80270
374907
5555
4608
11259
23626
4058
51806
100289635
28461
158763
54456
11101
9545
2799
100289462
23231
9772
340419
124976
55607
53349
3664
80243
161198
100528020
11126
10068
4112
23371
9890
255738
2277
25861
503618
55785
27199
245711
2168
10579
54626
3149
158219
152405
145447
6309
1448
2792
56907
5990
158401
2845
11138
80852
2273
152006
116159
10246
55112
101
6655
152485
130749
167691
55057
3897
9287
25794
150280
10225
55788
29123
221074
4586
118932
132200
9896
3912
23113
2709
912
57579
120224
4250
64902
54842
10003
115207
28834
57619
256076
3083
9644
91074
137209
9451
84075
6568
23436
221749
85413
147323
57161
51666
54511
5406
6441
133396
23309
59283
4650
84002
257629
8840
26749
23150
23181
3537
2734
10616
54097
84875
155465
50944
53841
26005
79981
2852
1491
1298
374900
1040
51665
56062
160335
406935
6819
163589
148252
58191
9365
146853
1824
84651
114134
94059
5408
638
482
4040
10076
255394
285908
135295
158427
1955
23359
79785
204962
28954
114042
728
4939
65121
57571
10133
83894
284424
50937
6533
23133
6907
4261
2887
7357
5007
4133
401190
246176
4654
5336
339669
10881
84616
84858
64097
124773
51705
1471
553
131096
130560
144195
84966
3882
51703
114897
57633
51087
83862
22898
945
54813
9398
83733
64601
199223
92293
6236
145376
124220
400736
6303
10411
26333
2554
10584
2662
26020
57007
51752
386674
128710
10232
55362
130733
53828
28677
26871
427
22838
147837
11119
93035
283987
55567
27033
54894
220213
574037
1397
349136
26043
28823
460
56940
138065
85450
353514
3352
9499
7145
9616
127829
170960
23239
203547
30000
64858
10389
79609
221092
3221
5865
391253
2674
4617
186
54509
8383
5670
80332
392399
56144
23059
84898
892
3990
4225
56157
51517
29799
25870
79807
116179
10917
63967
79861
23283
23291
133121
55727
10573
2035
3973
219539
23683
11174
2319
1633
79954
56913
123591
79718
23032
23390
91404
1750
54877
285362
6356
10655
669
283078
5174
139212
5506
6361
126123
23590
248
4692
412
90070
6594
6005
83698
122876
55109
93492
321
83604
5678
203430
3763
2204
6747
84654
128674
57502
8736
85439
32
26998
4935
23413
50618
29925
51257
56963
145773
54893
23219
5732
201266
137492
388695
55207
22
79596
10159
114885
23762
56934
339967
60370
1149
10933
9507
1805
486
3785
5317
203111
84223
23266
256369
3598
3105
146723
83853
84076
51192
4150
56667
11314
140679
2668
57484
65987
9423
6581
8382
347252
389161
84947
55363
25941
6374
5459
222
23493
3624
84560
3773
79754
1828
1359
79624
56477
57104
154664
121643
6664
80212
340024
50507
4148
53335
5523
81849
146691
54806
79689
6632
167
23484
9868
23431
27042
84881
9841
57213
11146
54799
113201
23067
11321
7203
84450
23013
91300
4000
84464
85416
114876
284309
55159
54841
116068
256356
54741
22985
57691
401474
5980
7922
23503
51524
10572
7584
2017
81706
10762
415116
79180
26136
493869
23014
78992
84516
122416
55787
138639
8697
151473
10128
84886
51427
154796
79738
139886
8915
2591
128866
1408
26060
65124
3195
65264
7812
463
26099
9126
25842
25912
3930
6016
84280
26224
10276
91369
140609
26994
79892
3775
79720
285237
26205
3916
54918
7541
283489
23350
55789
55837
80153
375323
168374
134430
10771
26127
51762
6428
50862
55432
1845
2960
65979
85463
6047
8872
29934
7753
84056
653121
140775
11100
2619
27089
57120
9926
10681
64418
116496
7064
25777
283554
163081
3087
54014
51804
3052
339745
140735
6118
81565
9728
55339
55342
7804
57655
58490
85456
54472
7222
8887
51474
126382
140459
83892
54557
53944
23126
104
23463
91574
94097
1850
55654
9053
1352
81572
5715
23169
22924
57134
9701
7803
54726
55291
10483
6249
151963
51248
22893
57659
23174
80262
23204
59084
5793
55638
26234
8085
8273
23300
2733
6794
23609
55105
6815
344148
84437
400
832
5140
9317
10066
54438
7871
56950
7251
50717
2145
9467
284058
23607
64398
55313
259230
51124
80314
57670
120114
9903
158471
9825
286827
57493
64375
55686
23111
2152
392
22927
9110
283373
57035
153830
10193
201475
5775
154743
66036
23469
57496
400073
7596
51100
359948
55884
29942
55573
261726
9169
59345
84890
284611
79047
51283
56882
57544
91748
126298
8050
23177
23366
341640
160418
139285
25853
81573
3068
84787
90268
5565
25897
8941
10379
55018
4986
6860
51475
10049
280658
174
343477
374897
2823
390036
55577
10629
284680
6674
862
840
4093
3455
200894
91039
4682
170622
64130
3984
152815
5357
23158
29028
56648
55664
5445
84312
51155
5638
64854
23352
286257
51102
6917
11001
7508
8666
8893
9039
3646
23265
54814
79659
152007
54919
51668
339230
2720
7411
4258
27000
64083
10589
8531
23516
118424
81617
8892
55748
10313
7009
1982
9578
128
8663
54870
23191
25942
8428
178
10988
10927
283742
90459
79709
80856
23022
4594
9529
23404
222484
57209
84433
5101
93134
57020
84869
1632
114884
9470
26130
4253
79171
56947
4758
7322
124641
728689
8880
54884
4355
23392
10763
11252
60386
10526
84706
55239
8574
4162
9118
11333
81608
55165
9131
5496
51025
11097
10787
55770
10427
80273
164
55197
9631
57222
7323
11010
2824
55791
27097
26091
23515
55796
26019
3854
2316
26517
8896
51596
6786
285203
25929
6813
5096
54108
493856
9274
353376
23028
3516
51520
8854
25904
54517
6170
5476
153364
54433
5810
9221
22824
8228
27069
26015
7024
4824
79944
26225
135228
9255
79577
7204
94104
81619
26512
5573
139231
79685
28972
1495
440
9555
6015
1211
26505
56259
64225
1020
80145
54948
84084
10456
7920
27440
11332
10670
25896
8565
2317
57175
6829
81624
79675
10412
91010
26097
84172
10849
8533
8560
5019
5163
8661
8833
4973
968
57019
79780
10097
22906
113612
54733
284443
3034
55540
57533
9534
3512
92521
27430
11336
5203
219743
60314
1384
54477
29763
2153
6605
975
7410
84033
57506
79587
65993
79070
11235
10054
7915
8939
80218
54996
55781
114883
1662
25814
84295
7756
1434
10905
54928
9525
29978
55183
87178
29074
9020
254251
57786
4642
55379
84319
83752
80198
1643
64756
7162
92105
1678
55696
123263
65992
29926
1917
112724
1213
833
122011
51747
8644
50640
6282
51606
221937
23198
2778
6645
444
55656
1362
6733
10735
51002
51028
7270
157769
51134
51362
55208
23286
51026
27143
1627
7174
92106
9521
26227
224
81839
51507
4232
8805
1004
23517
1810
84168
55752
220988
9678
10094
92181
79048
5062
7576
9804
55066
23196
51647
2287
2058
1012
57130
8665
23636
2729
27258
5654
2037
22796
10576
64710
55174
6811
6738
55082
813
5836
57380
7163
6239
23660
81856
10793
57617
54904
84930
2628
51161
10550
7109
2002
5001
79137
56154
9783
6049
64919
2770
55854
116113
7533
8396
7536
25946
5635
7008
8766
9891
65117
54872
55720
6431
9837
23270
140730
782
80742
23774
79811
84451
23184
497661
200734
55312
112479
79576
64782
140901
689
169200
92703
54778
96459
81563
23435
3344
5801
932
175
3665
151242
54221
91543
3434
9636
10410
23281
9111
9358
10561
8638
10964
3429
283860
4600
94240
55303
219285
3437
941
5241
84991
23369
9975
8723
4712
51491
6923
79752
9069
5170
84336
83606
56675
4618
3228
6542
83734
6711
146225
79603
8611
3772
51523
9623
549
55920
9488
89796
245973
5332
10677
3658
4163
4131
4775
55628
6518
130814
55612
94056
54822
60313
51375
9519
123606
22803
8365
221830
25978
145567
6876
10272
3359
9404
340811
3423
1999
2780
7782
10527
7478
10417
266740
23057
347730
7475
4821
220
57016
100507246
9639
23048
29904
36
1303
151987
10420
55603
23582
5451
123036
81035
5298
6242
6596
2764
256987
251
92675
84984
285386
51280
124808
8073
4321
64419
218
4697
404636
83999
58527
83881
7105
51107
58489
79931
340547
5693
3209
4674
26145
3752
145873
1392
84255
5522
120534
4068
374977
55224
56122
200232
85289
725
57507
2124
159119
55762
50837
8490
25823
151188
89790
259249
5718
353500
56673
3619
210
55521
81790
79567
219902
338339
10060
90411
55619
51164
57179
25940
50484
55284
55251
55968
6502
26273
29097
6120
134553
9643
80255
2776
3685
91272
203228
8842
1996
7029
11031
81556
27
55605
80232
6760
57474
79966
4800
4314
54954
63827
255758
27166
1265
2512
10952
65977
341947
8394
608
124
386618
11212
3811
382
5359
8148
100533107
759
6271
60681
8605
3981
8028
23243
2650
143879
10652
1604
60496
1138
10129
51496
6683
64063
6451
286887
84650
392307
2625
64092
91614
27006
2523
653240
1380
646658
79589
5683
2173
8506
84467
3812
27087
407
2710
6606
238
57716
92949
65265
79633
221393
51201
55187
373
4716
4683
100126572
6780
6388
4673
55366
7417
200014
23271
891
27289
10636
55771
8030
84962
91653
57508
55233
81537
27075
117245
5597
440279
29107
3799
9913
64795
9945
8894
7275
127281
8440
79818
79772
5322
11043
7122
171483
55361
341880
165721
29951
2
8522
26108
221662
203611
3827
10888
845
80110
79817
7321
139411
113763
2745
9648
57630
9532
7424
7334
1522
4649
282991
51504
81555
6158
151230
4839
4289
64781
65080
55754
84159
7991
221687
4071
168002
563
118924
1068
374308
63931
359710
10050
92755
255488
2534
9389
54861
6926
54805
54832
2036
10274
92597
8659
8192
4751
79447
705
81611
157570
29761
63939
2056
6708
6446
9823
58504
10475
138241
9961
7516
51292
112574
6915
4239
9645
79442
141
3910
84967
8751
92126
57669
23051
55627
9794
6237
54463
64779
27148
11014
22904
5396
64222
9355
79822
9100
54865
56919
317781
283337
2926
414241
165215
2246
29015
80324
10203
148398
23255
54680
23432
255324
9750
9261
2073
30851
91851
83643
4598
64423
57862
5519
79901
84283
740
79676
10293
10635
1512
9784
253827
137970
54876
55300
5873
55210
5351
5983
56342
339241
81887
25983
7706
10801
22894
79839
283989
158399
6507
80008
112495
1164
134265
1874
8877
4948
10329
5579
1308
196383
93109
6209
8986
8439
5746
51667
6094
33
10473
7247
10678
7851
4336
85013
54101
25938
220042
112616
2010
5787
26052
55035
80144
4597
113457
8852
1819
9058
8076
811
81554
23509
84435
51330
84893
1464
23313
309
81493
10602
9117
126070
1200
1318
3486
55076
83480
8459
492307
64395
10399
57673
23316
6628
996
64318
9589
10480
9477
64802
39
11030
2633
9015
29108
58472
5671
79961
56034
80757
64838
57730
131601
26034
1203
7087
148229
373156
55308
51611
3920
5866
831
10218
219699
10826
26153
657
55156
4192
5803
57045
84164
126669
6988
4904
51433
3608
9577
64216
56647
10973
548645
8718
2312
8614
3883
9510
85462
51188
2621
1815
83543
3749
2531
89122
115416
221061
129807
2250
80201
64925
221477
56731
112885
257019
4919
53407
55425
8087
685
3084
23729
23288
1836
83591
6263
6949
10360
10421
11073
26140
7098
16
135250
2648
6398
57214
26150
653247
3294
51175
51367
57644
54933
5321
80028
93034
6909
114785
942
54801
1286
154043
55186
10618
26056
37
55973
122786
115290
6640
285195
64089
50808
203286
51018
51136
7841
6636
5073
5630
55602
84259
51434
23172
27352
1292
5571
23787
10981
256051
338699
285489
7051
56547
91768
81610
64850
7867
1368
10400
6498
28988
56899
79664
27129
51629
2030
84126
93343
55364
286499
8013
115817
4482
282809
2911
9815
65095
229
11258
7041
54942
79027
127687
4909
84865
1630
2123
79730
5229
55316
29086
90121
201292
112770
8078
5212
347733
338811
2235
56911
2817
59336
26027
148641
138716
64285
200081
51765
11018
23062
116064
29945
3490
4841
79228
10096
9991
9349
255877
6273
1767
79092
196527
26585
162514
4881
51129
55135
4913
1806
9568
9466
2798
23012
10382
3433
4899
5610
22795
339366
54820
55859
1497
9741
147694
79671
51205
56983
9320
138199
55614
80323
84335
53615
2314
5977
1736
79080
23367
3030
308
90853
79913
148823
57453
140706
56033
7066
115201
7355
28971
115353
64221
874
7225
10113
9982
131578
79635
54868
8994
9209
83666
144108
10773
4026
23481
5439
1267
80020
22800
117157
55250
79827
3712
24142
124401
1479
64963
30827
28989
4688
1036
81029
374395
55031
150082
23418
4216
65983
202
26018
54471
5768
23682
54625
63971
143384
2077
4300
5681
139065
7813
3776
654
3703
5441
8761
871
22992
343069
5832
8662
220136
2987
81786
6183
57545
337876
11219
57094
55333
27284
9409
4902
23082
55198
54575
284217
29122
1053
4837
164633
24140
22902
8460
219931
8034
109
22948
9653
977
3675
10777
79666
57610
90407
5087
113146
26574
3028
54888
4591
55666
10112
80179
10007
10741
112849
53637
57578
54929
10390
81602
795
7297
1010
1629
5742
5055
55069
57565
8549
112464
64840
54934
826
11329
1528
9873
55825
7942
85365
9749
284119
10199
55131
10569
84864
26521
4998
3861
51388
6430
7464
9610
3225
10894
2768
339829
91156
2919
820
113444
23207
284114
8809
1606
5172
11062
346007
9718
374654
64780
51077
29777
51337
2009
27185
84640
80774
84733
8653
4048
2356
81562
83786
84246
79009
55133
11273
169981
57621
84298
9328
126321
84063
124152
51386
5754
29985
4218
54732
23344
9244
338567
23550
51533
79145
4681
51450
4327
83648
623
59350
54926
147923
5362
64747
8630
57153
55571
152559
64342
23483
23299
23654
64784
4982
5431
7014
6634
57805
2274
10898
401
199221
64800
51031
1431
399669
79581
26149
157753
55608
84892
1503
27342
25793
23154
54413
7332
202052
5208
163259
57646
3875
353355
310
10560
5201
3858
27067
10961
2966
317761
3093
84687
5716
800
6330
90338
5255
8803
55007
79654
6548
9520
5723
57136
8936
4838
6954
259232
284467
1778
3117
201516
6565
57634
9697
29085
3439
2947
9469
57520
22932
55501
411
5376
9392
4999
84918
4358
3607
27090
64750
54532
64708
89890
125919
64145
51439
112840
148479
58528
253461
54989
2487
26035
51582
57690
9140
55814
5238
64864
5081
38
26128
26057
6777
6631
6416
10250
91746
160851
132299
8189
1175
79971
79174
2787
57085
340273
333932
58
161394
9656
967
148930
2707
2039
127254
8971
25923
51692
9699
5226
254170
3655
10999
5358
4640
162
4430
823
6898
5099
3187
10058
3956
54758
7884
221476
2150
8338
26090
114971
51004
7726
147841
6407
280636
28992
3009
11249
140803
790
55275
284695
10244
115098
5899
1892
23157
10945
57106
100037417
257068
10994
51143
27020
4114
5675
23595
9814
57404
145270
113246
1002
26249
220082
3750
54843
55757
6429
79022
7343
43849
84365
81
51604
51122
54165
8518
51513
79933
29997
23310
5050
54507
140890
2014
6690
137964
5021
23272
2494
440093
89884
221504
130340
523
23023
64420
6599
1981
22818
25843
2923
100101267
11253
11066
90576
168090
8924
84681
84661
9104
1468
115811
79879
29095
9447
4012
24137
55742
23167
144983
6717
10609
28952
676
10544
5982
7923
155185
51267
94005
4311
55500
70
10051
51441
57471
9584
23430
29102
55236
5331
8544
51170
93621
1070
8436
57794
2783
3936
197407
5438
9927
10588
10799
245938
144448
55653
8907
9446
23241
222229
6814
55601
8989
5478
25994
137695
55032
55609
23279
23399
8721
93649
2782
1315
8733
327
4724
81888
2736
64344
283248
55144
441481
653604
54431
55898
5720
161253
55848
168507
529
26155
126961
79645
84883
200933
55671
51191
11325
55761
60312
256364
11260
9798
10084
2348
7001
9343
9119
57171
27145
84988
375449
8612
116442
8290
5442
201798
92922
1487
90167
7086
23507
55705
3178
84678
50809
84747
10153
80129
337867
801
23248
26575
9919
6904
9894
27332
85459
56948
6845
383
1652
2810
6718
8767
221443
348738
26098
1687
57708
5871
1459
7070
2318
10920
10980
2873
171586
171546
157695
27102
10318
51276
159013
3096
80349
56254
57649
80762
25976
57720
10184
10617
1993
80816
5352
10838
114795
116987
7020
79646
10949
3226
54434
10215
26047
55326
90293
80012
79172
57608
91408
84236
79155
23548
150290
57187
84206
85403
8507
11052
10393
83956
84915
25788
7918
54965
57559
1058
55721
162681
25906
163071
8820
115752
9194
9465
283431
51108
9326
57211
26272
28998
79929
22836
255919
151246
6198
64116
10664
114880
64105
200895
93594
219844
55128
116362
4686
79745
254778
7336
4494
4241
7762
6837
7150
347240
5634
55776
26190
55841
10656
90355
132720
254394
84260
25822
2553
9315
56851
51622
221960
2135
4122
284018
2491
11108
84896
80071
254887
57798
79805
55355
4976
7442
6715
23065
7274
27031
90141
23467
84920
80010
22881
114899
23456
10592
159195
130872
57082
7112
1062
54534
9145
10402
10426
50813
2842
55719
8027
284992
10565
83990
146956
26260
4905
140831
80127
1032
93183
22875
22837
7378
219738
121441
5965
10309
92691
80304
7738
113277
10874
55270
26084
79871
56953
51126
84279
158055
10673
80150
10522
80014
135114
23567
11112
29887
5909
5805
9413
65055
50624
10009
83549
10308
7398
11098
83540
26577
144165
64127
27292
7752
8819
116842
81691
3161
1195
466
414062
55502
22911
79847
8322
55840
348654
1122
57563
55212
22936
6928
219771
286826
162239
55454
84302
58493
64393
7504
57089
79663
130888
814
55334
160897
5861
50805
145282
10024
85444
80174
51319
1121
84545
9097
149986
203523
767
57003
90624
9861
199990
22955
55802
11243
79634
55188
23161
22858
151126
10632
27173
55693
3833
3306
51135
22835
84250
10733
27345
2796
3800
92014
92610
25849
55075
84959
163702
399474
9550
55132
5074
3219
3038
4659
51669
51244
5885
57396
9858
29842
79159
119392
9787
56994
51001
162655
55701
55698
8577
80119
11113
1690
27295
81930
3998
28227
8502
55652
55247
6491
157807
10224
6932
79915
84553
7639
84641
7873
55636
27348
7773
57157
5641
54982
26747
10745
5500
10518
54821
51805
6924
8458
2059
64770
5412
84899
5048
23786
284716
7957
23568
10186
25939
124056
197322
84912
28232
79627
3600
55329
7718
23178
26092
201299
114801
145957
84668
10732
79733
79102
56924
51379
10211
10598
27132
23380
23029
56652
84629
55353
23
7342
79571
79834
84923
65975
84364
23112
3558
53826
51133
79088
80063
11272
2946
161835
286319
54674
54955
27231
7472
56128
219749
6018
59348
7073
80196
29094
285513
3005
222068
170062
51384
1473
266553
5015
6873
85301
149095
54811
319100
6578
3148
8916
7266
27063
134526
84677
133688
10912
55030
338872
9496
83594
9318
7559
5618
23228
84622
23173
80204
353274
64599
8335
8480
2182
23534
8344
8356
1409
8362
9810
4485
3836
8370
317772
10452
51729
3012
84193
54887
8359
8348
6709
7917
9774
64062
64949
54606
3018
128312
8360
8355
22978
8334
3008
163
55272
1212
10137
8353
125150
11319
8363
307
23524
1072
64787
161
51663
2664
10910
8332
10327
10075
8364
8361
3069
5860
80777
5335
80209
8703
84750
22916
84146
10613
1376
8337
221613
9785
246181
57103
554313
3020
8354
8367
8357
84632
8349
10643
10940
23394
55137
11076
3939
6251
5430
6601
26058
644914
8969
9690
8330
10523
8351
5954
4199
6288
79800
3895
8970
8366
11171
255626
85235
2821
57062
8350
723790
5318
2184
2992
26509
55907
4134
3013
2975
23305
988
10989
4928
1841
8336
8331
4641
121504
5612
9897
84532
4733
3006
8329
3550
92815
3024
23170
5822
9330
7515
231
10607
6272
8968
442578
5831
10813
23564
25782
7371
1031
81491
7090
54815
55623
63915
54898
6138
353135
84975
10052
56659
6650
51338
7479
79803
56937
83468
57475
80194
337880
6892
30845
220002
26985
2590
51249
90589
91523
23640
80067
124583
3321
148254
9766
55322
1979
89970
79089
56704
1198
950
3416
64118
22809
55905
100132476
3609
3595
483
56978
1135
10295
170691
256006
79042
5434
124995
85478
28964
414152
10491
93185
1201
23625
9213
57409
7376
5052
54675
221184
334
27346
2907
11152
91582
7784
85377
6723
55151
7141
51304
56257
550
285368
339390
283149
80331
342035
388730
955
26579
9830
6391
23386
11343
1968
5069
5283
83636
55735
22933
80023
80818
6602
5375
55750
88
3241
285782
6756
338376
5605
51246
1670
994
91107
8608
27091
116511
93550
84940
10314
6827
149951
817
27183
29101
23102
57478
56893
5291
54602
51312
29946
824
54205
11335
255967
10890
23063
51593
27079
153241
55909
57102
5883
10336
23163
5993
143425
55676
3841
100287932
56916
23358
55216
8933
153396
8934
117608
23306
2045
23554
9421
3996
28982
63035
9736
25786
10492
342125
54665
133418
11116
84542
29841
7152
619279
23307
150946
126626
403341
84908
6349
222194
9852
8741
154075
253782
284323
146771
1102
10120
388722
81688
3385
80311
79074
56474
55599
80342
152519
10127
79968
636
153579
284273
4501
441212
158293
343099
7385
23322
54149
170958
57657
55589
4750
79830
389136
83544
144245
155370
55728
26033
130574
9262
200728
285440
166929
57456
79039
79657
64282
85015
9953
57706
11231
79364
6553
55844
112703
162967
84376
148418
375444
84131
252983
29914
221178
5017
157
163786
374393
79056
5563
730094
125242
5188
129607
88455
80821
56977
158405
23252
6155
4814
284207
55146
1455
58506
90196
80095
22859
201163
10625
55273
54764
23276
54976
170850
79886
84133
3181
254048
23080
57568
6299
223082
80173
23185
10944
10138
154791
84132
121536
81618
258010
23409
518
4644
51166
54776
60485
6992
347734
29775
8451
403
22863
8445
90809
8731
4524
10714
57589
23039
9931
55824
55870
9874
27351
3460
3239
56929
10291
26031
4302
157922
9567
26156
10946
56603
79869
10645
2280
5774
154214
10479
55026
4645
2020
54980
23232
25790
9958
56061
830
29035
8867
3798
3267
5537
9989
7320
201931
