58476
843
50604
253559
1018
25816
4502
348
64506
7031
54897
11141
11041
2581
80326
9486
56135
56134
56147
56139
56137
56136
56145
56143
56141
56140
651
176
56130
9448
84254
5602
57526
6666
51208
55704
83998
333929
6392
24141
5920
170961
624
9971
5134
9619
1044
30834
378938
22806
6847
5771
3384
30061
10879
3732
9956
3702
285194
54567
2537
2207
5777
267
13047
57158
4826
7476
116535
56776
3082
51764
83595
3077
25960
495
5338
2139
56479
4988
252916
9068
15
2914
64699
222546
64321
5648
4547
5999
387733
5105
64067
53354
84287
56980
51083
254428
92979
84243
57494
8693
100528030
91833
100529063
58517
2013
8139
9764
26118
2548
5932
170463
170959
84924
284352
23190
26122
85461
100529241
80723
285381
55324
4238
55299
1462
153642
221710
4277
10248
83930
253943
100533105
4722
121665
7517
27300
84826
56852
1901
54734
7133
23130
84876
55629
115825
1603
91612
122953
80301
23247
5142
84282
54862
57615
140688
9637
56902
22848
51714
55669
93624
56897
9128
53344
100532731
100144748
90780
156
84614
29915
10795
127018
79912
160518
116228
29121
8643
7681
54469
55421
56242
199777
55544
1329
205717
57182
8293
728492
10087
57128
27297
3092
9831
5150
4810
153
339287
90594
113835
84671
79134
5028
651746
57486
8504
114907
23508
79838
100462977
26049
51058
84419
284434
115704
192286
219527
400793
55359
1337
192111
121512
57116
6171
5051
84945
55739
4287
317762
80031
8303
7627
4094
23098
284098
284106
9241
57132
100526842
84449
342892
92285
90317
91664
57468
57539
554251
388962
253639
63924
401152
132430
1998
93166
153562
729515
9025
168455
340481
340485
404281
158586
375035
533
6169
125488
284391
79939
199857
134147
100463482
93380
23034
548596
136051
5996
23162
115650
1310
54440
340533
139322
9866
57713
100529207
27013
3122
29923
59339
84807
3782
84888
388969
80709
100529097
100526783
339318
85460
2892
2028
190
5884
11200
6604
10398
51237
1846
2524
5672
84964
2868
20
10385
284759
152756
246
29785
163882
3557
55450
29943
6283
51351
8808
56180
5764
22822
239
153020
22885
726
8821
7180
254225
5592
7054
11178
54851
23586
4057
7482
1644
2104
161882
8844
5345
397
2672
6927
7186
1813
128272
1536
6616
116519
376267
285
11191
3134
100124700
3627
406886
8456
1716
9863
7058
26355
8759
799
22918
54329
6348
10103
80036
10736
2006
6337
83571
1269
1268
79444
10017
168400
2213
22882
3466
129563
429
668
51284
11477
2047
3766
115701
43
3166
60674
79885
56888
7375
3934
6010
29392
6939
118427
3231
11270
388585
1390
79149
148198
7644
163223
26048
84838
353088
7592
91975
7586
57683
85437
23091
7709
7511
56949
6843
80146
57558
199746
56658
7111
91147
84065
89894
55374
79178
24144
22797
9779
414060
117289
57586
55061
10228
8987
134429
10011
6653
51548
26040
49855
79595
6224
6139
100526767
23179
5994
8625
25898
92400
10156
10111
58497
5583
5575
51535
5450
9512
22874
63876
27315
80003
27445
7181
57407
84166
4799
51594
266812
140838
646309
53904
100463486
100463285
100462981
79828
4155
129642
130576
767558
23639
728392
3964
55915
26013
889
129285
114818
84623
11127
57587
7403
9424
9312
3742
3630
83943
126917
130026
3141
3113
10866
283254
2982
2800
2762
169792
26088
57818
2492
23360
342184
26235
129804
54854
401145
23116
2131
2060
126272
78986
8818
1796
84649
1520
8727
90993
1355
51138
23529
23563
1120
64405
151887
57332
825
94032
776
84909
55262
285958
64417
79669
51526
54991
126074
55290
585
85316
489
8853
203859
288
254268
125061
166
97
653857
57180
126328
255057
171484
389197
27039
63977
118672
84239
51643
55964
23338
2561
84107
340543
8537
10178
84066
343035
23315
127943
196374
5828
139422
7621
148753
360165
51393
27133
166815
50619
560
55610
686
84874
23074
92092
134829
10788
55296
60482
9066
81796
3235
346157
4360
9419
25907
348980
404672
84216
55906
51458
55892
84105
284067
147372
29119
728927
10913
6519
166348
10117
838
55667
79746
1787
401535
29974
85012
221823
728841
340784
6318
53405
345079
147949
122553
81832
6563
2859
344191
120776
552
54859
90557
6317
30811
9014
57709
3131
51092
9628
283008
84278
7652
345193
9294
125111
140468
728498
653720
5267
728568
55766
415
169966
205860
56649
751071
286144
643707
442117
84978
131450
10878
642517
647042
3281
729438
3908
2641
221833
7643
375298
729920
256130
5680
53616
1005
388272
55350
66037
7306
2298
503693
414235
2315
170082
3443
79625
653427
349334
4340
80114
645974
340529
645996
5733
256380
388697
8876
5877
84620
83983
154807
54762
11148
400591
2760
400954
4983
56125
29087
55145
5549
401498
51008
653073
2358
51725
285382
503582
644538
23101
653423
120103
126069
23262
9263
387758
84224
6019
200350
7881
64399
8492
3549
7589
375033
145483
5651
153478
56832
57624
494470
84530
64579
84138
4969
2016
51691
29993
400961
84955
646982
3111
203427
23551
6948
27334
9957
342132
57210
10505
6008
654790
3175
83988
139324
2560
219287
25834
7572
7746
6474
9729
135656
647309
114926
10039
83876
345651
1804
9403
83953
10936
2262
335
22869
57091
57717
441871
391002
349633
170392
4808
379
30832
79541
29906
63899
375189
260425
90390
2151
375612
133383
8973
79370
7849
9340
25796
13
54968
84251
25945
403313
3745
25900
3356
58513
162963
57469
55311
8639
374875
4213
51279
654429
7100
221
80975
171389
100526794
100532726
57604
54514
55024
65243
765
165829
7307
401124
100885848
9715
54900
377047
7697
57010
84503
128989
391013
84124
9254
6007
83394
145195
50489
57057
5910
2570
28991
51816
55508
122704
114984
5682
8814
56624
84109
4099
91522
55423
143630
161003
548644
63926
353116
164395
195827
64600
340204
100132074
51006
1557
2334
115004
112611
127670
51377
9725
54470
8861
100049587
79016
6677
79694
79862
1903
257194
142679
815
376940
80778
100134938
7620
374383
340554
64856
4835
64410
27152
353131
388531
338321
55328
727910
23545
11248
388121
132625
401097
340359
56475
79856
60509
493829
84245
55214
7388
124857
283985
3310
54460
200316
85007
84868
7565
189
140738
3777
124923
317754
55530
25886
200916
23498
2785
92591
6360
2264
51373
170589
9032
23105
1950
79594
23217
9325
1295
100506736
23205
4234
22832
90379
65249
9002
63941
8740
51409
11103
57002
85865
2639
10627
5603
7554
388507
51193
84872
728116
7486
9959
7287
151613
51605
7188
27320
643853
641649
124491
29928
6884
23635
402055
79086
284723
114789
9963
119559
6383
55269
641455
200150
27115
5079
4858
654364
118812
100532736
83552
92312
51072
8930
23005
9860
51557
200942
55220
83855
283219
727833
3560
8739
84439
8026
11269
23584
1466
541565
647087
124944
79591
26580
497258
148789
390790
191
348262
374618
84667
404734
2738
100287482
27023
390874
100130958
5126
345557
128876
163732
727940
5314
115019
23137
1583
57524
54905
53833
54584
1240
8637
225
84520
201255
153745
728505
286
9049
6751
56751
6496
140685
9942
368
388336
10335
80820
92558
197350
94030
54858
94274
9170
23666
23302
283899
283487
84948
4629
285267
5165
146664
80830
130617
389084
55679
414236
91179
23114
153129
64115
54971
84639
53345
85409
10317
2843
128822
23096
554250
58512
5453
25973
10660
84504
916
197370
5455
113622
433
5348
282553
389400
3767
10948
349667
8541
153571
339416
338707
9230
283991
26050
259173
810
79884
2596
10815
112476
57156
64843
10481
5192
6529
64106
254427
84443
8001
55244
4059
6550
3004
7379
7425
4488
10297
6556
3587
79890
359
65078
6405
65268
6293
154064
4900
57710
9001
9402
131583
2019
8632
57514
642597
100507290
388021
389114
11107
3568
387890
100506012
7260
100132386
388125
11330
51702
164091
8224
8717
340602
728464
342667
1260
6753
200958
1908
79836
10251
168667
91977
6506
11095
8369
84957
144715
441869
169841
8938
55687
3748
87769
79573
1297
5143
339327
401944
374407
6011
89874
256472
146894
363
57125
50852
387254
80125
84547
4064
27136
23439
54943
5539
283385
84517
84440
8786
11074
348013
5088
140766
1141
30819
755
140460
11145
203190
81844
79583
8690
65065
10349
1821
338773
124599
9247
134548
55966
54769
22913
221302
5167
503614
442213
9166
79177
245910
4158
158506
252884
151354
2849
79876
163486
7495
440730
642489
55843
56413
11240
153768
51704
100463488
100462983
8120
388524
64343
54065
152137
284297
220869
11317
200030
57549
57111
57489
145645
93517
124590
6327
26093
163115
642819
6921
165679
54492
9662
404550
161145
119710
283130
7710
158880
201633
149478
441151
64478
161779
222235
80167
57512
221391
7512
574431
222662
25769
3167
124535
125
3761
11309
1608
8674
50939
11123
23566
3760
8326
116
150771
149466
6439
55534
3216
5698
151556
59284
7310
57721
253017
26270
29988
9481
10100
149628
10846
5013
56670
2300
200539
400120
116143
157657
151050
3779
7350
343702
146760
10231
283796
79078
79788
9472
8832
9692
143903
91050
85300
7766
100289678
152330
387712
123041
8266
8564
23544
284254
80274
222663
1061
11033
64108
3431
7691
2128
57185
284339
220416
100129543
25850
53827
388135
9399
729993
390637
55967
100463487
100288485
11226
445347
51149
353345
114132
147660
654254
285193
79742
256764
55586
346288
440023
241
728882
4237
51531
115273
339896
27286
118881
474383
94120
116841
10638
55805
11179
344787
171392
25913
516
79949
25988
90639
643904
375341
391104
285429
347688
633
23742
2894
56660
27287
256815
84142
400798
167465
150696
6752
342850
91949
84902
23087
147929
83935
26253
158234
166614
149461
199745
58500
391059
64798
5205
2895
132321
6770
91937
57677
284086
131890
8942
6521
79959
65009
79991
3743
9517
79041
387032
7704
7301
221981
150921
644096
9367
5867
4753
51776
10008
122961
2904
2899
57476
2786
2677
26268
126433
55793
407738
120526
1763
197257
129684
91860
27101
6205
79673
81931
3768
3250
55668
27010
729747
401024
283948
340578
55829
55711
160728
6547
53340
54551
201176
60494
10038
375519
9843
100463289
150590
728591
339855
285668
84060
114879
132989
5462
574537
54753
339906
3112
6540
155066
390748
54627
100534599
387804
151
80059
57481
283514
125704
337959
84709
4901
387837
54940
10157
440603
3758
342510
400935
360030
3824
55301
8928
126755
4153
6512
7626
253152
285753
2215
83861
1270
114824
2993
7093
206338
57594
414149
65251
9907
9153
8195
3476
388335
51263
166793
4987
90649
388407
55217
6525
284186
54328
6524
149563
116447
474344
493753
400451
340390
768239
284439
163782
283171
11346
6373
149840
124935
147948
11318
6340
6571
64789
6998
91392
389015
151278
89858
283748
53938
9056
153643
115761
129787
196264
158835
9515
2212
90580
10863
56606
100302652
79983
27130
28234
79400
92595
26290
9717
387332
5740
7276
5341
401258
420
55846
4353
3780
64743
140564
5010
374879
51619
84134
144110
645369
100507421
51768
6871
256435
257364
387640
347517
5729
80148
57449
5334
55124
55650
8929
5097
4958
100463489
116255
9848
11183
4129
442721
9757
55083
3764
341208
23072
11245
57369
2558
93986
2477
494188
23194
5168
317649
256643
22866
135152
9828
27329
134637
105
930
642797
153769
10288
343472
93663
5995
5284
113828
283446
915
64581
126205
2169
9649
2779
7594
347475
440503
100132406
399888
54207
2049
345
5753
5133
64431
5191
84154
10086
51074
135112
729627
158135
10781
100996928
7767
348158
5354
50810
2565
729288
220047
27180
1666
51499
399473
653509
957
4700
338645
285492
127
10884
160364
148213
284406
126014
100820829
646019
619208
4978
79782
168537
84717
129880
287015
160287
7365
245806
100996939
5308
83259
5083
9324
374986
55122
100534592
55786
51527
83877
340252
653567
401647
100132963
353132
375248
153443
3010
388567
79723
89792
1261
3884
162993
116028
59351
342538
4338
149013
168451
84083
1834
50854
9441
84034
8089
10194
10807
8048
2188
729830
134728
155382
55672
85441
525
100505591
27328
55170
25832
79703
25797
388939
150221
1400
202915
653140
7743
126637
93474
219956
157927
51528
28512
126393
773
4887
4013
10107
85446
401335
51059
440275
89932
1262
155054
400746
63877
120425
108
388662
54913
79895
170692
5024
6737
7130
440073
51399
285849
440519
84894
83882
10653
7772
83742
9674
204801
79865
65061
126549
622
653308
728418
5613
9671
347404
7781
29091
6758
83937
84288
6757
150372
283576
347273
134510
727837
5003
8618
4146
100128927
30818
23229
57465
90529
2766
5173
2259
202500
54102
388536
170575
1006
4940
259293
646851
389856
79921
378807
155006
51085
7433
729085
402117
151295
10859
399823
55286
6619
9734
400950
286223
2245
114784
11093
653
1486
2949
57863
7292
257202
3817
199704
6334
155
440107
2359
4542
64409
2831
10782
162972
677790
2535
55228
222537
219833
55055
26735
117
2813
124975
375607
146861
6123
27177
11027
8288
54621
8402
9542
4009
79712
252995
94160
192134
134359
222234
80231
84501
55092
51281
84628
196743
79037
84289
79853
167410
3975
10816
6583
84102
81607
117583
6689
148362
219854
339965
494197
5252
494118
91978
23026
729
123722
200407
147699
220108
10229
48
1549
89927
4489
116835
127795
11170
222171
493913
94121
148281
342926
9121
374659
503835
144321
154141
54993
91056
56912
339122
10010
2329
349075
10780
152404
392617
90353
23766
128977
10093
284266
6473
432369
57118
374955
7268
7809
55283
81494
219972
340385
167838
2566
392636
504180
245908
342945
146852
91662
134391
51270
127124
155368
51023
1234
3588
115572
50636
26045
11063
51101
79845
84953
202134
27233
85508
9271
10237
55640
338
2979
10486
116449
27238
134111
7143
55529
10716
22987
23648
9806
114815
54212
81609
159963
788
114571
11264
152926
27253
57144
64844
3786
57338
3233
2257
1747
203238
10369
84904
23452
140690
126259
55297
23443
441234
134549
120406
59353
286411
163351
128153
149233
220074
582
9204
64333
162417
84911
128338
9443
54957
8807
114987
128553
54429
51046
79753
3769
2740
1734
3899
2110
2844
284110
144568
167555
23704
1615
57379
121006
51550
120400
401136
388512
79924
57412
79465
5158
203260
715
57511
91544
169044
54346
79962
3559
441549
10301
338557
3683
374872
400673
401409
51534
127428
54617
26259
646450
79605
10380
1770
100507249
96626
100288695
3238
27302
64427
6492
84859
78997
54520
160857
129293
221060
140823
159296
93010
147381
395
730087
80321
341883
54836
51027
8913
2533
64689
9965
5470
64284
11250
283578
6781
50506
100129654
283777
4595
100288413
57684
9737
339665
7678
23143
29909
85442
140733
57228
147670
83608
91442
148113
9051
400258
121391
221400
9856
101060200
285315
834
643314
60492
3846
137994
100526773
283152
4690
5260
5075
29960
85016
79582
205147
2488
85443
93349
378951
284071
114805
8505
730112
54826
494551
255027
137682
8405
163126
645840
378948
5940
378950
130813
92552
4115
8029
10621
93377
680
492
79626
92344
6580
339501
9356
3123
440077
10307
91687
5136
132884
148738
55663
51259
8590
11251
220382
79324
246330
23017
3355
55191
152816
254359
84522
51693
5346
6609
7570
23514
144406
131377
79750
89876
57408
3394
55100
10686
27240
1830
59285
83878
54210
119587
100240709
8882
944
51311
11185
128611
57567
7768
79696
221527
7423
25862
7353
22878
100128327
162461
55219
55287
10333
26608
79987
100131390
100507341
22865
54716
6493
462
65997
644524
340156
4439
4139
4010
57613
81033
338442
119391
10691
2557
83856
23732
139628
55199
84734
1837
9228
57105
643
4345
868
827
777
9854
145853
399947
200558
8728
2867
100506084
8798
283848
414919
641339
2053
54490
197358
100293516
83795
79744
150365
123745
9034
22921
8528
26232
222698
119032
26974
401563
51778
10316
30835
81789
51057
5145
23743
84674
56165
23354
26009
196740
340990
84879
140862
4359
55561
57415
84167
4798
4867
56133
128864
345274
1406
8972
284353
124751
79098
51310
4117
55295
90120
4868
79157
26039
79701
286053
2916
8341
8671
84552
10249
197021
401387
9202
200315
285676
5558
286205
55005
148203
392255
54414
6247
285346
1
147664
7553
344022
148808
5078
93190
9172
64776
80263
9152
54960
863
64763
100129842
27202
283927
55856
7739
285755
9905
8542
389643
9370
60491
377007
494513
51608
388591
64425
203245
79005
84436
5342
286075
5343
153201
55017
51316
55255
23324
55195
9564
374768
9373
2074
79947
199699
9435
339834
95
100526760
83849
25880
1305
80832
54549
9826
7481
100631383
30833
196993
7730
8424
79873
81551
57528
58530
22871
114821
647219
116211
390594
55889
84309
3174
340706
100131897
259215
114625
27343
376132
196074
390598
337966
374920
57381
161514
134288
151651
121214
22989
114799
64211
170680
2158
168620
644100
93210
414332
27094
100861412
85569
100303755
653808
80070
79622
116085
7569
51744
10814
131177
200845
9844
375337
221120
116441
1145
5533
64946
79175
8455
441631
387496
3593
64111
9108
100526740
583
94
64975
5413
344658
84525
758
4776
6332
55009
388759
22979
79640
11082
57593
400745
140
283518
83852
389799
7633
9381
387885
132724
29933
124460
90678
2587
931
6769
257641
320
943
285955
160428
59335
84817
25775
7429
6013
89801
145942
643236
196500
84985
2555
100526694
111
283463
29990
90673
29944
285175
9214
83448
730005
83744
158038
574016
9071
343578
63948
221336
25956
81621
339403
5788
375057
100129792
25855
56241
115286
4481
2963
6887
337978
83482
388566
147700
126638
115992
138881
170689
115330
3071
64240
10343
84660
50832
23504
1610
6376
5153
23403
10428
199692
26276
51106
51256
83891
123096
64792
338382
9240
5193
9397
63908
114044
65999
613266
2517
285527
55120
6990
414328
84933
348110
65980
57763
6277
5626
255082
26291
79623
2676
652995
63826
6425
55384
64123
4793
283131
361
28999
1244
6331
23410
7318
56339
2811
1559
11504
7593
1113
3273
116701
10371
5313
282552
5590
30274
10864
14102
26765
171528
4599
22339
7366
199974
1893
54209
135
6023
55000
51561
240
2202
8815
256691
53614
7364
4583
1524
8205
10392
5820
2122
112597
123
8100
839
27141
4049
970
8996
7060
382056
56208
1293
6862
499022
146433
643911
26927
127845
23642
137735
65018
150684
53917
619501
378825
6275
200575
911
81516
10631
6531
3201
2660
266743
4607
22949
4842
6761
5745
6614
102800311
57212
57108
100316868
7299
9075
3620
100302736
90933
729583
1401
84939
114794
57573
8912
917
29063
112936
79007
100507588
828
401137
6302
222611
25876
100526737
85358
4487
102288414
8534
147741
4738
399948
268
283869
84627
84873
255783
79946
126208
148268
1345
83873
9677
10974
100526664
4065
2583
54947
79096
100131211
9547
1382
100127206
162466
200879
317671
126567
6891
90485
10265
55181
201725
553158
5662
57419
222166
348094
55726
91862
440560
653619
645359
400735
343070
84925
6617
55971
201305
401089
116151
4245
346606
946
375567
84561
100289124
83694
730
345275
90199
100128264
83695
79368
202374
27146
84572
29881
29950
100131439
4051
10319
128387
127665
100507608
7172
55851
78988
389336
125170
81855
23428
285220
2588
26507
203414
375775
285343
152015
80352
388610
387267
1607
5475
56986
80724
222487
54067
5196
7566
347516
114043
53820
220001
127707
85449
513
9622
11189
26230
647310
79411
81025
3140
130827
116349
387978
55531
2038
340152
100141515
10468
653361
10720
284274
8387
401612
57348
3952
146542
121506
124925
3762
339883
2767
60680
10956
80258
9177
645121
80736
152002
56971
3898
79363
54828
29105
157848
326
5068
57643
100533184
7561
55937
10858
1137
219938
10886
5992
57451
7103
1735
26996
8705
29851
140578
79152
5228
654348
100302292
100287922
117153
645090
727738
91942
1047
92960
4050
80237
27111
23572
100128295
10661
244
91431
552891
339924
3816
9142
25765
55436
57627
57525
9691
23044
9930
221016
25924
51010
4922
1622
55747
100034701
26148
57159
55412
730589
476542
11658
50818
554045
58801
85025
654341
345757
26610
728013
641590
653252
100128046
30632
12780
283867
2258
80161
100506428
503637
8841
100423062
57291
85028
4397
100505641
84630
100506930
4498
2203
3002
220107
26851
1433
257000
349114
149837
84848
255631
102723356
440823
84791
100505746
100130776
283120
14451
100506866
100506311
401074
11045
100506465
136227
16193
79469
645323
100506190
1116
285987
10439
404201
100133205
16353
10984
407975
100507206
100507347
20674
151534
4210
106182249
105370681
5225
84152
100506211
728589
72
79792
54103
100861548
84973
4803
118856
647979
400619
104472715
65010
100132116
643365
641518
100506649
10158
27004
285463
65217
101928795
56164
29065
101928607
441951
8775
100302692
100505994
285708
64805
3736
154
101669767
100652772
388906
654434
4246
84148
8543
7113
100133311
645212
6911
2046
100506237
3158
285943
2302
5004
10242
2833
6695
641638
2157
7361
54714
4060
491
51234
729956
338799
101805492
10930
2954
283460
140828
2155
26228
138046
100507500
100189348
100507008
1356
660
100128893
85445
128439
642587
100750225
100507059
84793
102723932
1501
83844
662
3601
10168
107984660
6403
103611090
100628315
100093630
400043
3208
2303
51741
100129387
3047
404266
1264
100288346
60489
3440
54106
100217367
6543
1437
1758
358
728655
10161
9573
646024
104797537
23263
100507056
11023
6869
10230
102186879
677779
387590
3848
6955
400550
105376166
105371414
100190939
25859
5179
100188954
100128164
728264
8420
100874365
100505817
64002
57817
283481
729852
100885775
84700
406991
378805
105375475
100129075
90632
106480420
728192
100270680
441094
100505666
100506305
101927994
104472717
100505881
101929111
105416157
3730
135154
266977
283383
160492
124045
648691
101928601
85452
7218
221322
439927
283687
100129480
92340
165082
84808
1238
54661
256302
23434
148898
51639
283025
646600
1060
653234
152078
286464
347088
400165
619518
202299
144535
55779
