55119
7905
126375
202243
3110
65258
80007
51780
10048
92154
55257
54891
83607
57038
8323
285855
9646
84328
79832
7543
11278
148423
10923
607
116984
23396
9139
27235
6182
768213
28966
6839
51542
10245
3995
112950
55584
23633
126231
7004
6832
10514
768
2564
1842
797
8623
684959
9960
6652
1727
7185
6764
10162
27131
9462
25974
23240
79642
11342
64328
540
440689
5162
9675
55240
22823
57707
54432
25888
1852
65082
6877
10057
6895
51200
5966
6627
26504
80219
8339
54873
29970
81788
7625
337873
26502
445815
30817
8345
22984
8634
11217
8340
10252
79158
10724
9182
64761
91807
23528
78999
22845
54468
1052
10978
347687
9819
84942
9654
8404
10430
54475
54663
5018
5876
8343
8346
54881
9882
10758
81569
9374
162427
51116
5717
10175
10466
3454
8563
23215
8540
26278
5279
8226
9657
8846
8884
58516
80004
100
54834
59343
50807
6199
11083
8347
4055
55149
29982
4008
51154
4113
54442
51082
55718
3017
5325
10287
5026
27340
9816
80704
23329
80308
10926
79053
51290
92856
1798
23220
6279
10201
58488
23277
56920
1022
7857
27349
57602
55744
28974
65094
85236
718
7763
55344
5289
10915
23583
10352
11096
4752
30001
5531
4257
51371
2957
91137
9530
441024
8545
60675
126017
51430
23429
10671
93099
55101
128077
80829
100532737
57122
6732
27005
7733
9879
55177
63979
51184
7919
129450
567
128637
121268
9948
89910
130497
54700
54878
6878
58525
116931
7702
55795
197131
23035
283209
7703
55108
157378
79002
6945
2967
3396
80790
84085
1456
1825
60412
64895
23287
8520
116150
143098
132660
348995
219541
29070
54788
7110
2802
85415
7789
4747
57541
9753
63875
92912
23151
25800
123811
255231
10767
9445
22976
91947
25921
57719
908
196441
150094
79717
55852
9258
587
6301
5481
51118
9031
54973
6607
79631
55466
5464
3098
1153
8890
10209
124801
2230
54708
170506
10440
4125
10548
374454
10606
9052
728340
4731
54331
5498
1659
3276
84549
27247
55163
27303
1967
81605
81889
54809
10605
5394
11102
643246
8602
10273
8724
64969
26519
7542
9790
10181
23450
283459
50999
51103
6455
51569
475
3840
57109
23197
54715
8675
55003
55157
55850
3301
26520
55759
3980
11331
11345
29920
10873
10539
23078
7531
55813
27257
8899
5501
51761
84128
9329
1176
83743
152185
253143
387263
147991
51421
1668
388569
54847
4710
5816
4190
143
2286
27296
60506
442866
2304
28957
11068
79979
4007
55625
4108
1995
5209
29071
51398
6727
10206
54981
7597
80345
55858
5700
79650
6035
5277
51174
55924
29113
83460
8999
115123
6625
57001
79643
5330
5009
4224
23480
7700
8601
3617
11019
23312
81533
4499
8658
55692
770
23547
51651
55002
1667
26032
4317
6511
23203
1357
728113
9556
5031
9376
57834
8438
51011
5436
10261
3073
26778
5706
7637
55367
51299
8309
10563
183
4604
5204
55512
2918
3508
79680
9162
22839
7498
64121
79057
694
9114
10294
54941
2281
10101
29844
11147
80032
3801
286749
84818
5428
23560
29058
1579
55596
10647
2953
29062
56142
339005
5552
54785
10474
374291
124565
139081
26261
2702
25847
26538
9457
2530
80006
9050
10164
2850
25893
81577
60487
54765
2898
7978
7544
10368
10749
10641
783
55248
51110
7699
60558
100272147
3622
4589
9651
79641
387266
9086
9189
2176
56942
467
8635
79943
23132
653689
8738
23245
9452
55285
53832
79731
284433
80759
79637
35
140851
3632
8569
29104
125113
9778
8128
347344
23251
23476
9439
55213
23168
26539
135948
55503
9361
130074
2938
8576
5923
26189
80131
54875
54972
389524
10753
23353
90011
8481
29100
5409
57113
9063
4931
7324
51652
728378
9173
54784
445372
25776
7409
147912
1564
9495
10663
7571
8883
2232
221154
757
4043
728269
5713
9912
26984
552900
6286
56656
9390
51084
3643
6866
54623
64582
3623
79867
79894
64167
63933
9976
23673
7142
7936
23285
8269
4351
6638
56521
4259
1370
79366
84163
26007
1849
7016
4694
8092
6643
8567
26354
63894
10775
56890
6119
54796
6098
3562
28973
9093
5696
51003
26472
284541
201191
5704
23412
51696
439
9538
79698
57821
3781
976
8581
55013
2879
79066
10897
2812
9024
80317
3299
55321
162632
375056
63904
51555
84296
10285
51626
57107
2958
4331
65109
10992
54959
1945
9609
3795
8749
6354
64960
51326
49856
215
81606
6726
654483
5157
2620
645
8444
23624
57101
55325
7415
23466
50613
9081
10954
285282
10302
29093
1289
55803
54454
389206
54906
9531
7692
5935
64769
4794
83461
5538
9682
84981
9167
78995
4898
5437
5859
51763
10850
50839
56548
55343
78994
478
316
1154
90480
10139
360132
10827
1361
55246
5435
11237
2346
29760
4332
5875
7294
6326
50940
55784
133
6698
5585
51226
1565
23293
10519
440738
2556
5095
2862
56965
29803
645745
7748
84804
11284
55211
4151
100190938
27044
26233
2210
9915
9124
8525
2220
60343
5939
2021
79414
140870
7979
11169
9929
246243
259217
9098
940
56255
6294
1814
80185
57124
1954
10467
56138
124222
149603
1723
4728
51493
56906
54793
442862
7314
55176
151313
7155
23384
55090
653781
779
58985
1515
79446
64135
10014
23460
653226
3931
6947
542767
6372
2693
127703
201514
84832
80000
2562
7695
23046
23379
2936
2584
79135
57017
10102
79774
57096
2624
5864
9943
79006
3029
5276
51186
64084
7850
2118
3575
5368
5892
10675
29118
150
10320
11328
656
27037
79883
6520
440050
51562
1880
6176
1964
11064
8851
135138
79783
9023
8464
79796
147339
1235
64921
63917
26071
30968
10969
79977
22907
4698
1823
79095
1271
28983
404785
9966
8813
55209
57119
27074
64793
7005
11078
1585
147657
8836
11337
81894
56269
79586
51460
117854
55831
23788
79147
2132
55888
51021
1838
57084
8863
9720
22854
4515
58494
79899
7223
23708
23025
50508
55617
5695
79109
90233
10220
51224
55277
4947
29959
56287
7288
55778
4308
5971
55505
9997
64388
1594
51071
442865
2784
11315
9514
8708
2242
2863
51127
57820
8491
80705
8409
8792
3754
4707
3297
23233
80021
5122
26750
3592
4656
3074
164656
5480
26277
1482
11072
2567
79713
2495
51171
8110
10868
4957
11283
64137
22953
4069
3064
319
80758
9154
54539
80347
8484
23349
50514
56946
55222
9266
6504
2218
785
760
752014
6390
5457
6278
205
29114
11182
51506
51363
55509
90333
81669
51005
10574
6658
741
11247
51435
8607
8603
8811
51019
79763
7453
9899
10902
3741
25852
7252
9775
2888
306
2825
59272
2990
130916
23424
83641
1429
3120
10941
1351
11254
4946
10726
79154
6128
6184
5711
6039
50835
79917
3687
79823
3909
10538
7441
6611
27229
3641
1907
57535
3856
10817
837
8926
10263
9079
10457
9760
91782
3633
57538
9829
338324
64081
54662
85464
10279
5826
64943
9705
55068
7205
50838
8406
51022
3978
22930
11086
11013
51660
6494
5256
145389
55106
51287
25874
713
11040
9
23090
8800
55683
6476
537
79031
4110
2328
7984
79090
1007
1857
60625
7855
23585
23491
55532
54737
10124
1539
6424
1525
7443
10528
6629
23259
8443
9933
6322
56993
3049
5707
11047
65057
9986
6612
494514
54069
84656
86
222962
8908
11340
26094
84313
493911
29080
8874
9703
8672
23351
118
9647
131076
83596
8864
23223
10283
29880
2976
55749
64976
7458
7337
55245
85407
10844
89941
14
116138
56905
84928
9191
57693
147111
84108
57680
11054
56052
5106
26297
83986
116225
55743
23327
51264
80224
56945
64326
7316
5566
5160
140710
23401
55023
1290
127262
4921
10020
10085
151636
57606
11234
92999
6785
961
84078
246126
142
154007
149371
80310
389432
64759
158158
64224
25780
7874
1184
79993
55703
91057
10892
195828
7182
64327
114791
26002
3652
55173
64839
51566
5274
2289
7750
51592
51735
2803
7257
6399
6197
255252
727936
23385
112609
23077
10730
63934
643253
1783
55304
148534
9765
23230
1983
5825
5316
5814
10149
26053
134957
22920
80208
84914
29940
79598
79269
9037
25827
401548
9581
23365
23200
1317
1739
5337
79699
55015
91452
55205
23335
5737
51105
22995
56681
9805
65267
9748
55839
219988
64132
4708
4943
10239
261729
9857
26269
387763
54910
144577
90378
23500
79143
57695
10501
25925
6874
222255
1808
4281
206358
22889
123879
2551
57092
10236
7581
7562
7326
59286
2549
3316
6730
6134
65260
6232
54931
6124
79050
1937
80789
10240
6136
65008
6157
30836
57418
11056
55140
55113
2339
84233
5110
10180
84897
26515
7178
51204
6133
203068
64146
8260
6810
91289
25949
56943
23160
55004
23195
8239
56260
57701
10286
4704
10885
84916
84294
51428
6449
140801
22868
79568
5356
6731
9689
1738
9238
29890
51397
3313
293
1207
55178
11222
1915
25926
5905
6125
10768
23332
9669
23382
84790
8372
6187
51115
166378
124454
10693
1312
81892
29103
23141
55929
11198
10987
7265
64432
6175
5518
84926
25879
7818
5195
3419
23644
29078
83939
1938
6206
29883
10171
54949
51067
11128
11261
84272
388753
10808
10130
10131
64794
26995
60528
55127
6137
10939
53918
57050
55143
6156
25902
541578
57647
5701
9147
92399
26073
6230
55830
6122
8667
55646
6144
9136
3320
55341
8086
51649
4141
6728
790955
55677
5817
3921
57466
64149
8573
9045
387522
6160
384
10963
51194
6189
22950
219927
389541
22944
9533
60488
2617
4666
9406
3376
10712
8760
9878
23201
56970
8788
7080
6528
7038
8904
9184
23061
9456
57148
116115
3670
91750
140883
84340
55011
8812
25885
4350
54555
152100
199953
55
57510
2935
9468
28969
1737
55278
55153
6672
54780
80227
57129
8449
9040
84293
9898
738
114034
26024
1349
129401
65083
7993
29780
51537
1729
8891
1107
1059
353
2998
80346
55471
23192
8021
10845
25909
5000
65263
2022
55572
201161
4285
55794
117159
27341
11157
128869
8454
64786
92345
57470
51095
6697
8604
57095
30844
9061
5130
55114
127700
140885
5744
949
7039
2194
6188
9455
26151
3420
79927
146923
6228
124245
5528
112812
30011
10928
51112
84726
4637
8532
51117
4508
6626
144097
83443
22941
64645
6234
55615
389362
55234
6513
1653
9668
3182
6202
83590
4054
6165
126133
80206
6130
54849
6217
10531
9711
150274
54596
81285
10985
285550
11276
2529
11176
6899
83860
7175
11224
471
9380
10867
6143
4540
125893
902
55486
7295
4519
2737
5550
498
5423
6500
119
4191
55755
171568
4512
6193
7529
11316
55746
522
10907
7416
29965
11285
112942
7148
64852
552889
339983
1743
9731
9611
10204
22928
1781
3631
1123
7317
6749
10658
6117
553115
124637
50488
8871
11051
3054
6204
3843
341277
1639
23193
1746
22870
55588
119016
6203
80727
55526
10921
4725
3837
10072
7384
27443
56146
6397
10533
4535
150465
26065
4514
162966
9962
51545
7844
1340
254863
4536
22847
3227
8914
1822
51142
375
1777
55729
47
84934
79613
58496
9704
26133
7311
64397
130540
84247
10174
162605
10321
54936
57661
56005
1911
80207
10825
10847
25996
987
192683
25764
57679
26103
222236
8242
10856
9746
10055
7283
57592
9416
51272
6046
56957
23235
79706
4831
201232
10549
5705
9650
29850
10575
83985
7319
642
3735
2747
23523
155038
51360
91298
5690
113178
9096
6311
57446
23361
3710
9777
2068
54439
1962
55684
8241
5211
85379
6173
56672
9923
431705
219
26353
375484
24148
84836
285643
23357
11135
58485
54676
1163
2869
6448
54808
2547
84268
283455
58492
22909
4720
132158
6452
271
64376
6461
7539
1152
374882
6888
6154
5827
7027
821
64788
328
4848
7407
80139
129049
9739
85451
5709
6389
55527
6483
4537
57819
5089
284361
2288
84331
79777
57221
9277
11021
57226
9500
55810
116092
6535
66008
81875
23473
85474
7555
80025
9921
29889
23601
7693
23264
8467
8562
55266
9276
55665
11164
89853
29789
10023
51255
9786
30
27336
10615
23086
7341
57620
9807
6575
51020
80124
161436
4267
4061
150223
56941
4541
10219
2029
7290
79762
25962
150275
80781
22828
408050
144404
51096
29902
8479
10155
23521
2149
27309
9217
728642
9811
26146
10657
6146
27018
25970
91608
2972
83637
84285
57585
57703
79784
202333
51042
60684
23020
9967
521
144233
6897
9747
29
57828
83445
100529141
6305
23495
64319
25875
120071
6903
30850
149041
4160
3312
55658
27107
729533
51202
54664
26173
26001
339263
132946
9427
6147
292
84749
7345
22980
9099
23627
85313
8527
1476
5546
388677
1984
57189
5250
7727
10284
539
9791
6882
4299
284349
152189
440400
51368
10367
1952
51181
26262
5127
27106
26589
90313
6142
54899
11022
23250
29924
200576
56270
8427
2618
80895
51755
51225
80233
147040
2665
114928
84286
83541
3094
8471
24149
3183
55095
65982
26038
79144
51440
10172
3237
10728
7711
10555
8079
644150
4123
23295
4037
6208
51307
4836
51522
399664
673
3903
27429
55323
54620
83746
55957
1855
27109
27433
114826
132160
2671
10056
4985
23019
1663
613
6141
65123
318
146059
143458
7988
7249
79707
8220
10743
6167
55624
116969
66004
2931
9203
644815
7102
65003
5710
387521
6621
51343
340719
57479
161424
81502
25824
284069
2023
51586
29903
5903
23381
137392
60686
51699
4897
64744
3185
5511
79064
23613
517
5223
51
4538
11070
57149
57704
130589
11188
10296
6132
6210
10443
10458
79033
8664
5886
11338
54476
8925
8318
6522
57696
54797
92342
388228
9282
10594
55969
256714
79848
6181
10715
81567
112858
79036
4714
26100
8216
6135
4249
10540
54939
9909
7770
152518
6223
10567
388951
441531
9722
547
10552
644591
64981
85021
25980
4680
29109
25977
90362
2166
23236
55970
9232
23510
11236
51128
57801
29886
4034
54531
6729
2962
133522
64324
5076
57464
4736
11142
26000
9587
162979
29916
7352
25771
23253
5198
51114
572
58499
117283
112755
55958
55651
5589
117246
409
7286
23398
10196
93426
2241
23244
8641
9666
22807
6166
23362
3203
282996
51195
54970
10262
23246
80135
4869
3133
27030
7568
25819
1793
357
79776
387856
6453
27153
23542
84059
57504
1543
22826
55201
1513
6633
26168
51075
50485
146330
9278
2909
2067
84303
55954
54921
51222
285367
9869
6850
84833
390927
23326
6741
6168
4628
80169
9509
442582
875
155435
50861
81928
115509
9275
10975
6297
7799
55054
3797
3945
126767
10742
7419
51295
158511
4849
5694
116236
127833
64175
2197
80319
8153
6231
64386
79012
92421
5881
2224
2585
7224
7390
9168
381
339344
2026
6323
79719
197258
51710
25758
100271715
91893
11011
25891
1660
84220
26508
708
25917
23464
9724
151827
2746
55917
22937
835
9130
22879
26286
7391
54540
339123
8031
22827
1762
374666
9742
2806
158
5719
4795
873
26061
1936
55738
131616
26528
9922
85457
51163
25871
81857
9710
1769
64429
80217
4539
7019
51260
79142
57337
23165
10564
284565
2961
10450
10524
23308
11165
147184
51808
81614
23089
4217
6161
23612
8178
4718
51603
3189
8720
1186
51575
1748
171425
56261
55506
57482
203
79882
56926
79035
9453
25804
115708
2805
26164
2717
339175
51253
57597
23387
22993
5046
9968
23145
8473
4696
3938
124512
22864
10446
64598
3547
54458
25820
339184
1191
5714
56623
65220
2196
2653
23395
11218
23597
10943
9702
51121
64430
55715
56990
64978
84932
54896
2870
6585
83989
57461
56931
23341
6222
51321
3705
5987
527
8437
23221
26017
9990
91409
439921
64979
79081
6950
23108
9670
28985
84314
286451
29068
6396
9159
9200
220441
22808
6830
54487
116988
51015
84343
84221
55111
133957
9372
5580
7284
9310
9679
8131
6944
10482
23094
79004
9491
284612
6185
51645
92715
64926
2889
10144
64320
55578
9527
55154
138050
23144
23400
4796
8550
63905
7705
57611
11094
6218
170261
286262
11118
53343
25873
10694
8526
1802
5306
25839
84197
84861
9092
22880
162494
163859
11091
514
9552
8888
6150
4705
56829
1759
10059
54890
84334
116541
25844
26086
116412
9141
196463
819
3106
54974
4077
10556
55863
91689
3679
6908
23155
54543
23383
64718
6129
5094
51564
118813
126374
29967
9723
10081
4706
399909
28976
162073
51750
11099
4116
29964
27164
10189
10650
221935
64400
94239
140461
10687
9620
131870
126129
54535
23451
91445
144717
30812
9375
8516
23140
92170
11190
360
6746
11060
54498
84626
7327
26993
255104
8482
1797
5261
10471
1537
144699
54344
55238
4968
5310
2801
9394
90956
64374
114823
9546
5303
92799
93974
8106
23152
57662
25792
4719
474170
8568
147808
10869
64110
9618
253725
339448
8725
90139
283316
1347
10207
340527
57463
346517
54148
9290
7389
84277
116540
51329
79934
165918
28955
6883
2937
3104
23536
57492
8831
6191
2876
55699
64098
24147
84720
10432
55847
84267
92002
81579
10260
5691
291
5688
157697
220064
55346
6838
7975
123876
143187
389384
51293
8193
57715
6818
79183
8503
27032
161931
55164
128178
55799
9183
57685
79590
118738
55709
94107
29888
84461
23187
5928
9592
617
116985
84669
4709
79714
55152
10755
23008
126299
64745
4221
114822
5798
8500
27158
6152
8824
9617
80700
5230
113235
23139
254013
338692
2822
5578
54883
63892
84548
7158
54874
9659
64848
118472
9044
55593
53829
730051
92806
2193
6478
653319
10614
9937
4493
642612
10901
51029
79184
27245
54938
79781
10499
81490
10445
83759
64983
51347
9046
1350
26121
2098
27339
79034
4548
27246
80764
4726
103910
64755
79023
85369
25966
115703
51540
221150
593
441478
100170841
401505
22974
84080
29998
883
6341
84275
7551
60678
501
28960
2542
147166
2011
84320
55027
400916
116843
219293
252969
58491
23600
115024
171023
23099
29954
219417
7280
51314
6940
51637
57799
399818
149076
6229
64434
5297
285636
84182
2055
55798
3107
8501
64760
11034
133686
2005
80222
129138
7675
84993
5890
23274
23210
3059
6941
55268
64236
23505
51406
10328
9604
64753
285761
57505
64771
57455
59
85359
65056
2794
79161
54962
4528
51728
3188
84878
23180
10188
51065
84232
56850
114803
4723
55230
6835
148
25798
51079
80199
9827
7520
154810
93436
114049
55184
54496
84301
90324
144348
9730
79918
5373
51150
3300
201164
54542
2893
117177
2968
91012
9727
81558
25825
11282
58478
51322
79692
64837
3613
7011
26022
6793
211
221785
55702
56997
84231
9382
9377
1949
6573
9973
340348
93650
6048
51512
57523
1774
10147
163087
3692
91252
440574
5300
80097
65110
126282
9941
4952
80228
79038
145482
145501
3295
84271
23031
23053
3913
143941
1106
79169
881
22996
25957
54882
60592
541468
7381
54927
4885
57650
2107
5082
26999
2731
55168
283358
6256
6905
5976
57666
5184
25799
23334
8802
150297
107
79810
55691
7226
116372
51308
4291
55117
144453
8412
80344
10134
5684
55689
353323
29796
221458
147015
84446
78996
79797
63906
11216
55626
26123
285148
5981
8911
23092
64421
22931
146862
10148
23588
84081
79600
51009
8886
54920
7879
163933
5685
4832
6934
5064
144811
23176
58505
54187
25920
653784
2091
23511
445
7373
55690
26012
57026
4201
81570
10865
10476
55160
10208
576
92305
1407
9853
79902
91663
3755
5395
51588
9371
5912
29115
64928
10600
170954
201134
55006
84775
5467
27128
3257
9148
55823
148206
222256
55871
23336
93611
6164
5092
390205
136647
81488
6748
414
54998
255189
10922
653583
9016
8209
80195
4140
2324
5307
666
2686
79647
54984
57335
54915
148137
3566
7862
22990
3015
90231
113451
52
6993
151903
92714
155061
221037
90321
9158
1463
51335
79672
10463
80264
146050
51013
2355
54840
2248
79621
51160
10300
22897
51473
682
115557
51374
56341
9353
5515
3866
163227
1933
254065
147007
83884
57614
8187
131474
136259
80746
57555
339201
23331
23527
200765
63027
388552
6812
79874
9733
84144
23237
9633
58509
220992
54556
85406
10717
9726
55783
53635
9101
84186
56900
64924
115196
26284
64901
283643
10082
5521
100129583
5687
83696
79684
440590
54987
56654
57599
55125
388115
10469
8859
54856
5495
399967
79019
57223
113278
8776
118788
27249
387914
55280
91433
29072
9543
246175
55731
3155
51123
11143
26263
9842
55659
256471
177
134353
83699
1997
223117
83987
53981
51172
55206
340351
3850
10494
64762
23256
10116
92104
84311
54455
84524
25961
84759
1209
4701
25759
51132
6227
116461
3707
9080
8834
137075
84342
145264
1795
57575
153527
5896
6767
80117
79656
9410
9847
3163
816
112483
2901
80011
147011
9694
1725
7737
10477
10063
6613
146198
389072
51340
151194
123283
7325
2983
29937
7634
80728
196051
7761
4695
54914
9754
6051
57600
9984
55768
9658
345222
9758
27147
112937
2941
54958
4254
9440
55592
339231
57147
5930
27324
79831
661
55051
6002
54058
1478
55604
92822
8379
65998
5042
55203
285268
51177
10179
7025
114299
2700
1454
57515
23363
55226
65062
10109
10437
116840
51734
27333
56848
283638
5190
6942
27316
150737
56103
6415
26267
129080
9551
91607
5066
5609
10434
259282
23421
2629
27291
90161
84190
126526
152503
257407
124997
84281
23373
10322
284459
9812
57150
9859
84946
9640
79677
114787
29966
6050
10535
2195
374378
81545
5689
81566
54516
84961
252839
10529
509
55014
25903
2140
8862
55331
55860
4660
6233
51385
2781
148304
57521
1508
84321
26287
6654
348093
84058
57537
114790
10213
9936
284613
4809
83638
55661
166379
11275
9133
55317
51390
4354
51097
1535
201595
23759
84937
285966
389668
11154
22850
4067
9924
400720
7156
57570
6792
51218
200312
9900
6499
26586
51247
51341
56252
9054
55249
10899
7690
90417
9091
26256
123207
79728
51602
8704
5824
9600
89891
51466
5189
80152
84299
10497
25927
143872
84100
79809
401265
22901
6207
6482
100124696
80013
5151
23596
54802
63943
54951
66000
1378
57591
81027
7347
6433
5429
7216
348793
57623
124936
89845
11161
573
378708
55751
2117
81689
57795
55975
112487
205327
8898
728294
5911
2271
123355
147
23208
187
2528
1730
55714
5532
9776
132949
55716
115948
270
56683
653437
54946
1285
8780
89857
59269
79864
148932
6462
2774
515
1742
57622
23420
8237
9570
22997
9094
27304
51389
96764
9013
23258
10454
81932
55167
10363
56160
57556
11280
54902
25953
23440
3364
4247
440515
5547
79759
645843
54977
163131
161725
55190
389898
55330
10513
25930
27072
265
81472
23038
51094
728489
51678
4440
64863
64426
284382
729967
84900
23024
151449
1288
84273
5702
9378
4036
4825
55734
57711
51318
284252
10478
8045
146909
6457
23318
4676
5147
51069
342371
5125
85395
51463
1280
22895
80851
51187
151195
8848
79176
129531
246213
340277
83452
55827
79768
116832
6281
51012
25972
11017
51529
56984
286148
5686
51091
94101
143244
79644
134492
123803
137886
157983
23598
25821
10960
130367
123720
4633
5032
1877
55020
25915
79725
7546
29066
3704
92211
55147
392862
90204
9175
283871
55435
3177
79842
200205
1613
64777
3386
55182
9412
23218
8881
89882
154881
285605
2644
1890
81890
92906
84253
113510
51185
653519
84444
146540
11201
63932
648791
11267
84284
65005
147179
64853
285521
2108
55930
83732
8446
6809
9978
81793
1327
5213
9955
9885
112817
23765
56925
23294
2788
10577
23125
27350
139562
91461
284001
8655
84262
1159
55681
134218
23301
79833
79739
200186
9064
4200
84269
257218
130502
2878
84895
9895
219899
162989
10591
26160
115361
60626
3043
81544
401250
26037
57333
51690
6635
10498
91875
8975
80313
56975
2048
84337
25979
79786
65250
2079
115106
91368
118460
55319
93100
138311
11133
8976
474384
5108
6192
56915
27344
54536
147686
2192
22852
23071
6668
85364
197320
79165
55253
51258
57325
7273
57724
57827
125058
55180
9352
51061
253650
340061
60682
79230
1510
91120
3373
5830
125336
51030
29801
339487
10299
5164
197342
257236
3145
80045
8732
5692
9751
5902
2730
55670
80271
221496
6355
124402
60493
81037
23587
144132
84662
55293
2275
128240
5264
113878
55142
55422
79091
23284
54852
94103
81550
54707
5802
11193
149175
55110
23001
83463
116983
9215
134145
421
6919
79770
2925
9127
51300
3275
374655
3232
3212
728661
81559
23645
10965
25914
79953
1069
64968
394263
867
83933
142940
79736
23142
643155
644
114327
6567
79658
84529
1373
6821
81847
284307
253959
84069
5251
26054
285016
8711
146857
131149
132
23658
137797
54554
150726
64131
3788
6549
51706
27112
163049
1861
144363
114783
26469
26279
8517
51585
54529
54867
23520
545
28990
11163
1896
100131378
401541
9789
79903
348235
57414
79868
131669
9360
51599
51227
10169
342909
55634
84798
653404
341116
51241
254552
643836
6693
57546
9686
5504
84276
84987
51503
162998
1016
7132
1555
205564
337882
3950
22938
83640
10073
692312
353324
374946
9635
11194
283659
284371
4081
631
80772
57727
91133
84240
131408
57562
79058
55094
54853
51203
273
246269
55074
5587
1544
26051
113655
338879
55861
80143
222553
79068
41
10243
443
55254
151531
2814
29088
27293
220965
85363
53339
55001
158358
60560
85026
8227
84938
314
84811
2081
56181
84502
23066
85019
64766
63935
22888
79989
3214
120227
145741
131965
131544
339324
27034
57117
399726
8578
84936
400569
84844
3142
94039
64093
387104
653505
116154
51078
4329
90423
60561
121601
64223
9716
23746
91464
6775
11059
1307
27122
6586
216
3248
3292
9474
920
128209
652
136991
5734
5948
399
6886
58476
843
50604
253559
1018
25816
4502
348
64506
7031
54897
11141
11041
2581
80326
9486
56135
56134
56147
56139
56137
56136
56145
56143
56141
56140
651
176
56130
9448
84254
5602
57526
6666
51208
55704
83998
333929
6392
24141
5920
170961
624
9971
5134
9619
1044
30834
378938
22806
6847
5771
3384
30061
10879
3732
9956
3702
285194
54567
2537
2207
5777
267
13047
57158
4826
7476
116535
56776
3082
51764
83595
3077
25960
495
5338
2139
56479
4988
252916
9068
15
2914
64699
222546
64321
5648
4547
5999
387733
5105
64067
53354
84287
56980
51083
254428
92979
84243
57494
8693
100528030
91833
100529063
58517
2013
8139
9764
26118
2548
5932
170463
170959
84924
284352
23190
26122
85461
100529241
80723
285381
55324
4238
55299
1462
153642
221710
4277
10248
83930
253943
100533105
4722
121665
7517
27300
84826
56852
1901
54734
7133
23130
84876
55629
115825
1603
91612
122953
80301
23247
5142
84282
54862
57615
140688
9637
56902
22848
51714
55669
93624
56897
9128
53344
100532731
100144748
90780
156
84614
29915
10795
127018
79912
160518
116228
29121
8643
7681
54469
55421
56242
199777
55544
1329
205717
57182
8293
728492
10087
57128
27297
3092
9831
5150
4810
153
339287
90594
113835
84671
79134
5028
651746
57486
8504
114907
23508
79838
100462977
26049
51058
84419
284434
115704
192286
219527
400793
55359
1337
192111
121512
57116
6171
5051
84945
55739
4287
317762
80031
8303
7627
4094
23098
284098
284106
9241
57132
100526842
84449
342892
92285
90317
91664
57468
57539
554251
388962
253639
63924
401152
132430
1998
93166
153562
729515
9025
168455
340481
340485
404281
158586
375035
533
6169
125488
284391
79939
199857
134147
100463482
93380
23034
548596
136051
5996
23162
115650
1310
54440
340533
139322
9866
57713
100529207
27013
3122
29923
59339
84807
3782
84888
388969
80709
100529097
100526783
339318
85460
2892
2028
190
5884
11200
6604
10398
51237
1846
2524
5672
84964
2868
20
10385
284759
152756
246
29785
163882
3557
55450
29943
6283
51351
8808
56180
5764
22822
239
153020
22885
726
8821
7180
254225
5592
7054
11178
54851
23586
4057
7482
1644
2104
161882
8844
5345
397
2672
6927
7186
1813
128272
1536
6616
116519
376267
285
11191
3134
100124700
3627
406886
8456
1716
9863
7058
26355
8759
799
22918
54329
6348
10103
80036
10736
2006
6337
83571
1269
1268
79444
10017
168400
2213
22882
3466
129563
429
668
51284
11477
2047
3766
115701
43
3166
60674
79885
56888
7375
3934
6010
29392
6939
118427
3231
11270
388585
1390
79149
148198
7644
163223
26048
84838
353088
7592
91975
7586
57683
85437
23091
7709
7511
56949
6843
80146
57558
199746
56658
7111
91147
84065
89894
55374
79178
24144
22797
9779
414060
117289
57586
55061
10228
8987
134429
10011
6653
51548
26040
49855
79595
6224
6139
100526767
23179
5994
8625
25898
92400
10156
10111
58497
5583
5575
51535
5450
9512
22874
63876
27315
80003
27445
7181
57407
84166
4799
51594
266812
140838
646309
53904
100463486
100463285
100462981
79828
4155
129642
130576
767558
23639
728392
3964
55915
26013
889
129285
114818
84623
11127
57587
7403
9424
9312
3742
3630
83943
126917
130026
3141
3113
10866
283254
2982
2800
2762
169792
26088
57818
2492
23360
342184
26235
129804
54854
401145
23116
2131
2060
126272
78986
8818
1796
84649
1520
8727
90993
1355
51138
23529
23563
1120
64405
151887
57332
825
94032
776
84909
55262
285958
64417
79669
51526
54991
126074
55290
585
85316
489
8853
203859
288
254268
125061
166
97
653857
57180
126328
255057
171484
389197
27039
63977
118672
84239
51643
55964
23338
2561
84107
340543
8537
10178
84066
343035
23315
127943
196374
5828
139422
7621
148753
360165
51393
27133
166815
50619
560
55610
686
84874
23074
92092
134829
10788
55296
60482
9066
81796
3235
346157
4360
9419
25907
348980
404672
84216
55906
51458
55892
84105
284067
147372
29119
728927
10913
6519
166348
10117
838
55667
79746
1787
401535
29974
85012
221823
728841
340784
6318
53405
345079
147949
122553
81832
6563
2859
344191
120776
552
54859
90557
6317
30811
9014
57709
3131
51092
9628
283008
84278
7652
345193
9294
125111
140468
728498
653720
5267
728568
55766
415
169966
205860
56649
751071
286144
643707
442117
84978
131450
10878
642517
647042
3281
729438
3908
2641
221833
7643
375298
729920
256130
5680
53616
1005
388272
55350
66037
7306
2298
503693
414235
2315
170082
3443
79625
653427
349334
4340
80114
645974
340529
645996
5733
256380
388697
8876
5877
84620
83983
154807
54762
11148
400591
2760
400954
4983
56125
29087
55145
5549
401498
51008
653073
2358
51725
285382
503582
644538
23101
653423
120103
126069
23262
9263
387758
84224
6019
200350
7881
64399
8492
3549
7589
375033
145483
5651
153478
56832
57624
494470
84530
64579
84138
4969
2016
51691
29993
400961
84955
646982
3111
203427
23551
6948
27334
9957
342132
57210
10505
6008
654790
3175
83988
139324
2560
219287
25834
7572
7746
6474
9729
135656
647309
114926
10039
83876
345651
1804
9403
83953
10936
2262
335
22869
57091
57717
441871
391002
349633
170392
4808
379
30832
79541
29906
63899
375189
260425
90390
2151
375612
133383
8973
79370
7849
9340
25796
13
54968
84251
25945
403313
3745
25900
3356
58513
162963
57469
55311
8639
374875
4213
51279
654429
7100
221
80975
171389
100526794
100532726
57604
54514
55024
65243
765
165829
7307
401124
100885848
9715
54900
377047
7697
57010
84503
128989
391013
84124
9254
6007
83394
145195
50489
57057
5910
2570
28991
51816
55508
122704
114984
5682
8814
56624
84109
4099
91522
55423
143630
161003
548644
63926
353116
164395
195827
64600
340204
100132074
51006
1557
2334
115004
112611
127670
51377
9725
54470
8861
100049587
79016
6677
79694
79862
1903
257194
142679
815
376940
80778
100134938
7620
374383
340554
64856
4835
64410
27152
353131
388531
338321
55328
727910
23545
11248
388121
132625
401097
340359
56475
79856
60509
493829
84245
55214
7388
124857
283985
3310
54460
200316
85007
84868
7565
189
140738
3777
124923
317754
55530
25886
200916
23498
2785
92591
6360
2264
51373
170589
9032
23105
1950
79594
23217
9325
1295
100506736
23205
4234
22832
90379
65249
9002
63941
8740
51409
11103
57002
85865
2639
10627
5603
7554
388507
51193
84872
728116
7486
9959
7287
151613
51605
7188
27320
643853
641649
124491
29928
6884
23635
402055
79086
284723
114789
9963
119559
6383
55269
641455
200150
27115
5079
4858
654364
118812
100532736
83552
92312
51072
8930
23005
9860
51557
200942
55220
83855
283219
727833
3560
8739
84439
8026
11269
23584
1466
541565
647087
124944
79591
26580
497258
148789
390790
191
348262
374618
84667
404734
2738
100287482
27023
390874
100130958
5126
345557
128876
163732
727940
5314
115019
23137
1583
57524
54905
53833
54584
1240
8637
225
84520
201255
153745
728505
286
9049
6751
56751
6496
140685
9942
368
388336
10335
80820
92558
197350
94030
54858
94274
9170
23666
23302
283899
283487
84948
4629
285267
5165
146664
80830
130617
389084
55679
414236
91179
23114
153129
64115
54971
84639
53345
85409
10317
2843
128822
23096
554250
58512
5453
25973
10660
84504
916
197370
5455
113622
433
5348
282553
389400
3767
10948
349667
8541
153571
339416
338707
9230
283991
26050
259173
810
79884
2596
10815
112476
57156
64843
10481
5192
6529
64106
254427
84443
8001
55244
4059
6550
3004
7379
7425
4488
10297
6556
3587
79890
359
65078
6405
65268
6293
154064
4900
57710
9001
9402
131583
2019
8632
57514
642597
100507290
388021
389114
11107
3568
387890
100506012
7260
100132386
388125
11330
51702
164091
8224
8717
340602
728464
342667
1260
6753
200958
1908
79836
10251
168667
91977
6506
11095
8369
84957
144715
441869
169841
8938
55687
3748
87769
79573
1297
5143
339327
401944
374407
6011
89874
256472
146894
363
57125
50852
387254
80125
84547
4064
27136
23439
54943
5539
283385
84517
84440
8786
11074
348013
5088
140766
1141
30819
755
140460
11145
203190
81844
79583
8690
65065
10349
1821
338773
124599
9247
134548
55966
54769
22913
221302
5167
503614
442213
9166
79177
245910
4158
158506
252884
151354
2849
79876
163486
7495
440730
642489
55843
56413
11240
153768
51704
100463488
100462983
8120
388524
64343
54065
152137
284297
220869
11317
200030
57549
57111
57489
145645
93517
124590
6327
26093
163115
642819
6921
165679
54492
9662
404550
161145
119710
283130
7710
158880
201633
149478
441151
64478
161779
222235
80167
57512
221391
7512
574431
222662
25769
3167
124535
125
3761
11309
1608
8674
50939
11123
23566
3760
8326
116
150771
149466
6439
55534
3216
5698
151556
59284
7310
57721
253017
26270
29988
9481
10100
149628
10846
5013
56670
2300
200539
400120
116143
157657
151050
3779
7350
343702
146760
10231
283796
79078
79788
9472
8832
9692
143903
91050
85300
7766
100289678
152330
387712
123041
8266
8564
23544
284254
80274
222663
1061
11033
64108
3431
7691
2128
57185
284339
220416
100129543
25850
53827
388135
9399
729993
390637
55967
100463487
100288485
11226
445347
51149
353345
114132
147660
654254
285193
79742
256764
55586
346288
440023
241
728882
4237
51531
115273
339896
27286
118881
474383
94120
116841
10638
55805
11179
344787
171392
25913
516
79949
25988
90639
643904
375341
391104
285429
347688
633
23742
2894
56660
27287
256815
84142
400798
167465
150696
6752
342850
91949
84902
23087
147929
83935
26253
158234
166614
149461
199745
58500
391059
64798
5205
2895
132321
6770
91937
57677
284086
131890
8942
6521
79959
65009
79991
3743
9517
79041
387032
7704
7301
221981
150921
644096
9367
5867
4753
51776
10008
122961
2904
2899
57476
2786
2677
26268
126433
55793
407738
120526
1763
197257
129684
91860
27101
6205
79673
81931
3768
3250
55668
27010
729747
401024
283948
340578
55829
55711
160728
6547
53340
54551
201176
60494
10038
375519
9843
100463289
150590
728591
339855
285668
84060
114879
132989
5462
574537
54753
339906
3112
6540
155066
390748
54627
100534599
387804
151
80059
57481
283514
125704
337959
84709
4901
387837
54940
10157
440603
3758
342510
400935
360030
3824
55301
8928
126755
4153
6512
7626
253152
285753
2215
83861
1270
114824
2993
7093
206338
57594
414149
65251
9907
9153
8195
3476
388335
51263
166793
4987
90649
388407
55217
6525
284186
54328
6524
149563
116447
474344
493753
400451
340390
768239
284439
163782
283171
11346
6373
149840
124935
147948
11318
6340
6571
64789
6998
91392
389015
151278
89858
283748
53938
9056
153643
115761
129787
196264
158835
9515
2212
90580
10863
56606
100302652
79983
27130
28234
79400
92595
26290
9717
387332
5740
7276
5341
401258
420
55846
4353
3780
64743
140564
5010
374879
51619
84134
144110
645369
100507421
51768
6871
256435
257364
387640
347517
5729
80148
57449
5334
55124
55650
8929
5097
4958
100463489
116255
9848
11183
4129
442721
9757
55083
3764
341208
23072
11245
57369
2558
93986
2477
494188
23194
5168
317649
256643
22866
135152
9828
27329
134637
105
930
642797
153769
10288
343472
93663
5995
5284
113828
283446
915
64581
126205
2169
9649
2779
7594
347475
440503
100132406
399888
54207
2049
345
5753
5133
64431
5191
84154
10086
51074
135112
729627
158135
10781
100996928
7767
348158
5354
50810
2565
729288
220047
27180
1666
51499
399473
653509
957
4700
338645
285492
127
10884
160364
148213
284406
126014
100820829
646019
619208
4978
79782
168537
84717
129880
287015
160287
7365
245806
100996939
5308
83259
5083
9324
374986
55122
100534592
55786
51527
83877
340252
653567
401647
100132963
353132
375248
153443
3010
388567
79723
89792
1261
3884
162993
116028
59351
342538
4338
149013
168451
84083
1834
50854
9441
84034
8089
10194
10807
8048
2188
729830
134728
155382
55672
85441
525
100505591
27328
55170
25832
79703
25797
388939
150221
1400
202915
653140
7743
126637
93474
219956
157927
51528
28512
126393
773
4887
4013
10107
85446
401335
51059
440275
89932
1262
155054
400746
63877
120425
108
388662
54913
79895
170692
5024
6737
7130
440073
51399
285849
440519
84894
83882
10653
7772
83742
9674
204801
79865
65061
126549
622
653308
728418
5613
9671
347404
7781
29091
6758
83937
84288
6757
150372
283576
347273
134510
727837
5003
8618
4146
100128927
30818
23229
57465
90529
2766
5173
2259
202500
54102
388536
170575
1006
4940
259293
646851
389856
79921
378807
155006
51085
7433
729085
402117
151295
10859
399823
55286
6619
9734
400950
286223
2245
114784
11093
653
1486
2949
57863
7292
257202
3817
199704
6334
155
440107
2359
4542
64409
2831
10782
162972
677790
2535
55228
222537
219833
55055
26735
117
2813
124975
375607
146861
6123
27177
11027
8288
54621
8402
9542
4009
79712
252995
94160
192134
134359
222234
80231
84501
55092
51281
84628
196743
79037
84289
79853
167410
3975
10816
6583
84102
81607
117583
6689
148362
219854
339965
494197
5252
494118
91978
23026
729
123722
200407
147699
220108
10229
48
1549
89927
4489
116835
127795
11170
222171
493913
94121
148281
342926
9121
374659
503835
144321
154141
54993
91056
56912
339122
10010
2329
349075
10780
152404
392617
90353
23766
128977
10093
284266
6473
432369
57118
374955
7268
7809
55283
81494
219972
340385
167838
2566
392636
504180
245908
342945
146852
91662
134391
51270
127124
155368
51023
1234
3588
115572
50636
26045
11063
51101
79845
84953
202134
27233
85508
9271
10237
55640
338
2979
10486
116449
27238
134111
7143
55529
10716
22987
23648
9806
114815
54212
81609
159963
788
114571
11264
152926
27253
57144
64844
3786
57338
3233
2257
1747
203238
10369
84904
23452
140690
126259
55297
23443
441234
134549
120406
59353
286411
163351
128153
149233
220074
582
9204
64333
162417
84911
128338
9443
54957
8807
114987
128553
54429
51046
79753
3769
2740
1734
3899
2110
2844
284110
144568
167555
23704
1615
57379
121006
51550
120400
401136
388512
79924
57412
79465
5158
203260
715
57511
91544
169044
54346
79962
3559
441549
10301
338557
3683
374872
400673
401409
51534
127428
54617
26259
646450
79605
10380
1770
100507249
96626
100288695
3238
27302
64427
6492
84859
78997
54520
160857
129293
221060
140823
159296
93010
147381
395
730087
80321
341883
54836
51027
8913
2533
64689
9965
5470
64284
11250
283578
6781
50506
100129654
283777
4595
100288413
57684
9737
339665
7678
23143
29909
85442
140733
57228
147670
83608
91442
148113
9051
400258
121391
221400
9856
101060200
285315
834
643314
60492
3846
137994
100526773
283152
4690
5260
5075
29960
85016
79582
205147
2488
85443
93349
378951
284071
114805
8505
730112
54826
494551
255027
137682
8405
163126
645840
378948
5940
378950
130813
92552
4115
8029
10621
93377
680
492
79626
92344
6580
339501
9356
3123
440077
10307
91687
5136
132884
148738
55663
51259
8590
11251
220382
79324
246330
23017
3355
55191
152816
254359
84522
51693
5346
6609
7570
23514
144406
131377
79750
89876
57408
3394
55100
10686
27240
1830
59285
83878
54210
119587
100240709
8882
944
51311
11185
128611
57567
7768
79696
221527
7423
25862
7353
22878
100128327
162461
55219
55287
10333
26608
79987
100131390
100507341
22865
54716
6493
462
65997
644524
340156
4439
4139
4010
57613
81033
338442
119391
10691
2557
83856
23732
139628
55199
84734
1837
9228
57105
643
4345
868
827
777
9854
145853
399947
200558
8728
2867
100506084
8798
283848
414919
641339
2053
54490
197358
100293516
83795
79744
150365
123745
9034
22921
8528
26232
222698
119032
26974
401563
51778
10316
30835
81789
51057
5145
23743
84674
56165
23354
26009
196740
340990
84879
140862
4359
55561
57415
84167
4798
4867
56133
128864
345274
1406
8972
284353
124751
79098
51310
4117
55295
90120
4868
79157
26039
79701
286053
2916
8341
8671
84552
10249
197021
401387
9202
200315
285676
5558
286205
55005
148203
392255
54414
6247
285346
1
147664
7553
344022
148808
5078
93190
9172
64776
80263
9152
54960
863
64763
100129842
27202
283927
55856
7739
285755
9905
8542
389643
9370
60491
377007
494513
51608
388591
64425
203245
79005
84436
5342
286075
5343
153201
55017
51316
55255
23324
55195
9564
374768
9373
2074
79947
199699
9435
339834
95
100526760
83849
25880
1305
80832
54549
9826
7481
100631383
30833
196993
7730
8424
79873
81551
57528
58530
22871
114821
647219
116211
390594
55889
84309
3174
340706
100131897
259215
114625
27343
376132
196074
390598
337966
374920
57381
161514
134288
151651
121214
22989
114799
64211
170680
2158
168620
644100
93210
414332
27094
100861412
85569
100303755
653808
80070
79622
116085
7569
51744
10814
131177
200845
9844
375337
221120
116441
1145
5533
64946
79175
8455
441631
387496
3593
64111
9108
100526740
583
94
64975
5413
344658
84525
758
4776
6332
55009
388759
22979
79640
11082
57593
400745
140
283518
83852
389799
7633
9381
387885
132724
29933
124460
90678
2587
931
6769
257641
320
943
285955
160428
59335
84817
25775
7429
6013
89801
145942
643236
196500
84985
2555
100526694
111
283463
29990
90673
29944
285175
9214
83448
730005
83744
158038
574016
9071
343578
63948
221336
25956
81621
339403
5788
375057
100129792
25855
56241
115286
4481
2963
6887
337978
83482
388566
147700
126638
115992
138881
170689
115330
3071
64240
10343
84660
50832
23504
1610
6376
5153
23403
10428
199692
26276
51106
51256
83891
123096
64792
338382
9240
5193
9397
63908
114044
65999
613266
2517
285527
55120
6990
414328
84933
348110
65980
57763
6277
5626
255082
26291
79623
2676
652995
63826
6425
55384
64123
4793
283131
361
28999
1244
6331
23410
7318
56339
2811
1559
11504
7593
1113
3273
116701
10371
5313
282552
5590
30274
10864
14102
26765
171528
4599
22339
7366
199974
1893
54209
135
6023
55000
51561
240
2202
8815
256691
53614
7364
4583
1524
8205
10392
5820
2122
112597
123
8100
839
27141
4049
970
8996
7060
382056
56208
1293
6862
499022
146433
643911
26927
127845
23642
137735
65018
150684
53917
619501
378825
6275
200575
911
81516
10631
6531
3201
2660
266743
4607
22949
4842
6761
5745
6614
102800311
57212
57108
100316868
7299
9075
3620
100302736
90933
729583
1401
84939
114794
57573
8912
917
29063
112936
79007
100507588
828
401137
6302
222611
25876
100526737
85358
4487
102288414
8534
147741
4738
399948
268
283869
84627
84873
255783
79946
126208
148268
1345
83873
9677
10974
100526664
4065
2583
54947
79096
100131211
9547
1382
100127206
162466
200879
317671
126567
6891
90485
10265
55181
201725
553158
5662
57419
222166
348094
55726
91862
440560
653619
645359
400735
343070
84925
6617
55971
201305
401089
116151
4245
346606
946
375567
84561
100289124
83694
730
345275
90199
100128264
83695
79368
202374
27146
84572
29881
29950
100131439
4051
10319
128387
127665
100507608
7172
55851
78988
389336
125170
81855
23428
285220
2588
26507
203414
375775
285343
152015
80352
388610
387267
1607
5475
56986
80724
222487
54067
5196
7566
347516
114043
53820
220001
127707
85449
513
9622
11189
26230
647310
79411
81025
3140
130827
116349
387978
55531
2038
340152
100141515
10468
653361
10720
284274
8387
401612
57348
3952
146542
121506
124925
3762
339883
2767
60680
10956
80258
9177
645121
80736
152002
56971
3898
79363
54828
29105
157848
326
5068
57643
100533184
7561
55937
10858
1137
219938
10886
5992
57451
7103
1735
26996
8705
29851
140578
79152
5228
654348
100302292
100287922
117153
645090
727738
91942
1047
92960
4050
80237
27111
23572
100128295
10661
244
91431
552891
339924
3816
9142
25765
55436
57627
57525
9691
23044
9930
221016
25924
51010
4922
1622
55747
100034701
26148
57159
55412
730589
476542
11658
50818
554045
58801
85025
654341
345757
26610
728013
641590
653252
100128046
30632
12780
283867
2258
80161
100506428
503637
8841
100423062
57291
85028
4397
100505641
84630
100506930
4498
2203
3002
220107
26851
1433
257000
349114
149837
84848
255631
102723356
440823
84791
100505746
100130776
283120
14451
100506866
100506311
401074
11045
100506465
136227
16193
79469
645323
100506190
1116
285987
10439
404201
100133205
16353
10984
407975
100507206
100507347
20674
151534
4210
106182249
105370681
5225
84152
100506211
728589
72
79792
54103
100861548
84973
4803
118856
647979
400619
104472715
65010
100132116
643365
641518
100506649
10158
27004
285463
65217
101928795
56164
29065
101928607
441951
8775
100302692
100505994
285708
64805
3736
154
101669767
100652772
388906
654434
4246
84148
8543
7113
100133311
645212
6911
2046
100506237
3158
285943
2302
5004
10242
2833
6695
641638
2157
7361
54714
4060
491
51234
729956
338799
101805492
10930
2954
283460
140828
2155
26228
138046
100507500
100189348
100507008
1356
660
100128893
85445
128439
642587
100750225
100507059
84793
102723932
1501
83844
662
3601
10168
107984660
6403
103611090
100628315
100093630
400043
3208
2303
51741
100129387
3047
404266
1264
100288346
60489
3440
54106
100217367
6543
1437
1758
358
728655
10161
9573
646024
104797537
23263
100507056
11023
6869
10230
102186879
677779
387590
3848
6955
400550
105376166
105371414
100190939
25859
5179
100188954
100128164
728264
8420
100874365
100505817
64002
57817
283481
729852
100885775
84700
406991
378805
105375475
100129075
90632
106480420
728192
100270680
441094
100505666
100506305
101927994
104472717
100505881
101929111
105416157
3730
135154
266977
283383
160492
124045
648691
101928601
85452
7218
221322
439927
283687
100129480
92340
165082
84808
1238
54661
256302
23434
148898
51639
283025
646600
1060
653234
152078
286464
347088
400165
619518
202299
144535
55779
